-14
-66
59
121
-92
100
7
122
76
-91
16
33
123
94
104
10
-73
-93
-68
53
-17
98
-60
118
87
85
-50
23
-21
-3
-79
-105
36
45
99
-90
-61
51
-43
-65
13
1
32
95
-63
90
81
-28
-109
-25
-1
-94
83
47
-13
-82
102
-52
-107
-70
39
19
46
-125
51
97
17
-47
-6
73
6
108
-53
113
-114
-87
-84
53
3
-57
-20
-90
-64
102
-58
-128
-22
90
116
-39
124
22
-57
101
-27
45
59
-62
-15
91
-36
-114
59
86
27
-109
50
-54
-87
-116
7
-27
55
-7
-44
8
123
96
40
-58
62
117
-118
37
79
116
-2
-94
101
79
-64
67
-28
-60
-24
-35
-59
-106
-57
30
77
56
1
85
-108
79
-127
-85
-108
-65
-2
-24
79
77
-43
15
-9
94
41
-7
-62
-82
-99
-116
-28
-45
-90
-55
-99
17
21
-116
58
-22
112
124
-20
62
-34
-23
-101
-103
80
49
100
-34
-119
-89
-7
-15
-73
-22
-102
-38
96
17
-40
-32
38
23
114
-64
96
58
81
-124
123
-28
-63
-35
-68
-65
52
-99
70
90
50
46
-15
-74
-128
-95
-27
-67
-4
22
-105
41
74
-89
73
-25
-9
-29
104
18
121
-42
-122
41
59
-62
-105
40
79
-42
5
-38
-85
-125
-84
36
-97
48
69
-96
-41
-81
110
61
-102
9
-35
-66
97
68
-39
83
41
-60
21
-51
-95
100
-46
-27
-120
118
113
63
-49
79
93
30
-80
69
9
-58
127
-121
-89
74
45
39
-87
124
-53
-41
104
-123
-30
75
87
34
40
69
115
-24
2
-58
-30
-75
2
-117
63
-107
-30
-111
56
-61
-90
-93
-45
-71
17
-66
7
-93
-17
83
50
19
126
-105
102
109
110
-126
-82
-32
-34
43
-98
80
-113
-6
81
104
-122
66
8
61
-103
91
93
-98
96
121
42
-48
118
32
109
30
-90
81
-9
93
-43
-49
-124
24
-105
39
123
57
83
-68
-16
-44
73
-100
4
-30
-45
6
-116
16
-58
-64
-126
74
18
-60
47
-103
-63
-12
-51
-23
-52
51
73
-66
114
103
-120
123
-111
-103
-98
33
113
95
-68
44
3
-126
119
-28
-3
28
3
35
-25
-106
-56
-10
89
-78
62
77
-26
-33
-121
62
75
2
28
106
-120
6
-75
-49
92
-114
61
-54
-72
53
38
82
-84
-37
-59
49
92
49
59
-5
34
6
-37
-57
-1
82
95
43
115
-68
38
-18
54
32
-12
40
75
-74
-17
-67
-28
-95
-71
61
62
-124
34
-18
11
-107
81
-103
-44
49
53
127
-114
100
30
-42
15
63
-4
-28
32
-128
-43
13
33
-1
111
33
-39
-39
-109
29
-91
-51
-77
19
17
-12
-35
-3
48
13
-71
-89
-91
39
-65
-110
28
64
-7
-58
-85
-125
-90
-11
-109
-99
-48
34
60
117
-123
-44
23
74
-110
-93
60
-109
13
99
-126
29
42
17
-99
-121
-36
-86
-91
25
-11
-121
-93
67
28
29
-80
-108
-93
86
79
127
-49
73
95
16
-113
9
-47
-116
6
68
98
117
123
-20
26
-8
-71
-60
44
6
15
-83
73
-56
6
41
24
10
-25
100
-47
-88
-50
84
23
-103
-54
93
-7
-57
61
-50
0
-10
91
58
15
79
-40
-1
-62
73
10
-98
18
117
6
109
-71
70
-110
9
-30
-52
113
21
-2
17
59
122
73
-17
10
-94
40
-21
-104
67
122
78
-64
-21
-25
-84
25
3
-8
-26
-128
-43
-106
90
-18
-64
41
9
21
123
-124
-88
-64
49
122
108
-4
-29
-40
-56
99
-122
-109
2
48
-54
52
44
-106
-45
-107
-63
29
-117
-108
-20
-92
65
105
31
-28
17
9
-80
-70
94
109
22
36
116
73
103
-106
-13
-84
106
86
23
15
-119
10
-88
2
-110
-48
102
49
125
82
116
45
99
-121
100
-39
-58
-73
47
-10
3
-117
-70
98
-100
27
-44
-24
105
-19
-99
92
-44
-100
61
29
120
-12
-26
-32
74
-24
-109
124
-34
66
-62
-80
-70
-100
-127
-45
-108
-26
40
72
-24
68
55
114
-26
40
68
40
27
45
33
48
36
-108
-119
103
96
29
29
-20
20
56
-29
87
-49
66
-117
-4
-97
96
-108
41
-82
116
-39
-43
-96
105
79
97
-98
66
78
-73
120
-95
48
83
-13
1
23
27
42
-37
-45
14
93
-101
92
68
17
77
-124
-96
-69
7
84
94
121
113
22
7
20
79
-41
-118
57
-36
99
-83
84
28
50
22
115
57
120
21
100
45
-50
-47
-59
-58
53
61
-83
-27
-38
62
45
91
60
10
83
2
-51
-102
26
114
-72
-70
-86
15
-19
-122
-16
-12
-17
29
57
-13
-55
-99
14
94
125
-121
-119
117
-32
-103
72
10
-8
122
46
55
40
-23
-11
90
-72
56
-54
115
-66
-78
10
88
14
-119
106
-66
65
5
-41
-1
50
94
22
81
22
67
45
-103
-6
102
-44
-48
-92
121
1
-14
105
-108
0
110
-122
111
54
-121
2
28
94
-48
-77
-110
-11
-42
65
44
118
72
51
42
-92
69
89
21
-13
-37
-109
-71
-83
100
35
61
-46
-33
-21
118
69
53
-95
55
-16
63
-55
12
-59
40
57
36
75
100
-97
-70
80
-45
92
114
48
-103
-73
-101
-73
104
-109
42
-106
-124
-111
-83
108
50
127
-67
-122
-81
66
-121
82
1
-121
70
-25
-8
-116
14
31
-49
122
121
-41
-85
45
101
11
-20
24
90
62
47
124
41
-37
-20
6
-46
65
-80
-84
112
-62
3
48
22
89
-72
-32
-58
-92
-90
-57
-18
-117
83
10
99
-77
-31
54
-81
-53
-59
-101
112
-85
-66
7
74
-24
-102
-128
32
-26
113
84
-105
107
91
-73
-80
-114
-100
-118
81
113
-16
-82
46
-74
114
22
-31
-106
-75
38
-26
82
-110
46
-30
-32
-21
-28
-56
93
56
5
-122
108
-68
-40
-109
57
-45
18
70
-10
-104
-49
-109
-93
81
45
65
-106
-60
122
122
127
88
33
-126
86
94
36
-96
61
-88
124
39
-27
90
-94
-69
-74
-98
-55
-17
115
118
88
66
125
-9
79
-50
-39
-86
-6
18
114
-92
-73
69
33
-35
123
-105
5
9
7
-23
74
121
7
-112
93
-91
-84
78
105
2
-26
-29
-118
18
-7
-77
-1
-7
-69
-66
14
88
56
-98
77
-25
-115
-70
-86
-14
58
84
60
70
-12
-126
18
99
105
6
-91
96
96
93
-124
-103
-110
45
76
-44
-13
46
-66
-17
-119
97
-33
1
92
-57
-87
-66
125
94
-40
0
126
-17
18
-80
99
-55
53
-34
-26
-127
28
53
60
8
-60
-102
-61
