95	10	-82	-94	-92	-15	9	99	70	-92	-51	-90	-28	53	108	-47	-52	-86	39	-73	56	18	-111	118	7	-7	25	-67	116	-51	28	-85	121	99	-96	107	-61	25	-14	43	-87	-50	-60	-64	125	24	44	-127	24	69	-1	-112	46	21	55	24	99	-93	112	95	-15	-122	58	-62	-22	9	-72	-85	65	5	-1	89	4	-118	95	97	95	107	-19	-22	53	-64	-115	-45	42	70	-11	-116	-102	109	-1	71	-76	-9	-31	120	-42	2	-92	49	-84	-8	21	-102	-102	-88	-44	-9	-93	41	-47	-103	-38	10	112	77	-78	-66	-55	119	94	-4	14	-70	-29	52	-123	91	104	-34	-97	-12	112	25	10	-100	-81	-101	-117	110	57	33	111	30	-31	-82	39	-47	84	-48	122	-58	3	-25	-73	-3	-8	-82	-102	61	
-57	-5	-114	-124	-73	64	-65	91	103	82	-104	15	109	-10	-120	-126	32	61	74	-113	20	50	-44	-107	-49	90	54	-9	37	-86	33	-4	-86	-19	-7	-11	74	-32	-75	90	93	-20	28	52	-49	-18	11	48	35	-87	-102	41	-59	2	126	-1	15	108	-51	108	-128	-117	68	63	-38	-126	-121	88	-77	-57	-75	11	-80	-17	25	24	-75	35	96	96	75	-83	-116	29	95	113	-87	-38	-12	-42	37	-91	-110	-44	43	43	21	72	-35	-30	73	82	-50	76	-12	-49	16	-13	61	-110	-6	-34	-107	-78	-117	-81	-27	-58	45	117	52	58	-71	-26	-12	94	53	-2	97	60	66	-65	-19	-38	-105	60	-109	15	-92	65	109	-122	-38	108	50	39	-108	-101	106	-100	-59	-52	78	-93	-48	-117	-125	-34	-108	-104	
-14	59	-92	7	76	16	123	104	-73	-68	-17	-60	87	-50	-21	-79	36	99	-61	-43	13	32	-63	81	-109	-1	83	-13	102	-107	39	46	51	17	-6	6	-53	-114	-84	3	-20	-64	-58	-22	116	124	-57	-27	59	-15	-36	59	27	50	-87	7	55	-44	123	40	62	-118	79	-2	101	-64	-28	-24	-59	-57	77	1	-108	-127	-108	-2	79	-43	-9	41	-62	-99	-28	-90	-99	21	58	112	-20	-34	-101	80	100	-119	-7	-73	-102	96	-40	38	114	96	81	123	-63	-68	52	70	50	-15	-128	-27	-4	-105	74	73	-9	104	121	-122	59	-105	79	5	-85	-84	-97	69	-41	110	-102	-35	97	-39	41	21	-95	-46	-120	113	-49	93	-80	9	127	-89	45	-87	-53	104	-30	87	40	115	2	-30	2	63	-30	56	
-66	121	100	122	-91	33	94	10	-93	53	98	118	85	23	-3	-105	45	-90	51	-65	1	95	90	-28	-25	-94	47	-82	-52	-70	19	-125	97	-47	73	108	113	-87	53	-57	-90	102	-128	90	-39	22	101	45	-62	91	-114	86	-109	-54	-116	-27	-7	8	96	-58	117	37	116	-94	79	67	-60	-35	-106	30	56	85	79	-85	-65	-24	77	15	94	-7	-82	-116	-45	-55	17	-116	-22	124	62	-23	-103	49	-34	-89	-15	-22	-38	17	-32	23	-64	58	-124	-28	-35	-65	-99	90	46	-74	-95	-67	22	41	-89	-25	-29	18	-42	41	-62	40	-42	-38	-125	36	48	-96	-81	61	9	-66	68	83	-60	-51	100	-27	118	63	79	30	69	-58	-121	74	39	124	-41	-123	75	34	69	-24	-58	-75	-117	-107	-111	-61	
95	-88	21	-15	-13	-120	-57	-19	-79	-55	-4	-115	81	86	126	-7	39	99	-58	40	-54	-9	91	-98	-72	-124	-28	59	52	22	-85	-113	-79	13	70	47	-26	-94	9	77	-89	118	-30	-63	66	-56	-25	-66	73	15	1	-97	101	39	-128	47	68	-77	85	60	74	-123	91	-54	14	51	24	-11	18	-20	-113	-70	-65	-6	-31	-84	57	93	117	56	0	-111	61	-105	-94	-29	-99	5	11	112	52	23	78	2	-101	69	-90	-75	92	51	-50	48	-76	-58	51	-85	82	-44	55	98	17	111	125	-102	111	-41	-28	-89	60	87	-95	-43	-59	-109	-127	-50	-99	73	96	-11	-79	12	-45	46	30	125	-120	-76	-4	73	61	14	84	-10	58	-124	-74	-128	67	-105	52	34	103	9	28	-31	105	52	70	115	
19	107	-120	82	-102	45	-2	-118	35	-56	-27	-104	-104	13	-12	94	119	-47	-76	-54	12	28	69	111	57	-90	-32	109	10	86	-7	6	126	111	-7	-127	47	15	68	-37	-74	-101	-63	15	-126	-55	26	-21	-91	-55	-109	-92	-25	55	48	-89	-108	124	75	31	-17	72	-73	-96	-115	-5	-78	-30	81	-61	43	103	-83	20	110	-60	26	102	63	46	112	-20	-56	-69	-24	-102	-24	-46	-27	-116	24	-79	93	4	29	105	91	-81	37	59	-24	32	-42	100	-41	15	65	33	-42	58	87	-128	-7	-43	-103	42	-27	82	59	119	-89	1	68	-123	72	14	100	82	-66	122	55	-39	-18	-40	-31	59	-44	111	94	51	-76	70	-48	116	-66	-27	-110	17	-24	-88	56	80	30	36	-77	34	-104	126	-1	-11	
-32	-77	-104	-14	-82	74	124	-15	88	22	107	113	-97	107	-31	92	58	51	-45	82	-66	102	54	-44	107	-104	34	-38	-8	96	-91	-102	-53	-79	-14	32	-96	-22	-36	99	-89	29	3	-117	61	-44	-89	-63	59	16	117	-35	-74	-23	-125	-39	70	-11	-19	69	107	11	-120	-124	61	-15	-60	-57	-109	11	-4	66	-39	-115	-74	-15	-20	50	-56	57	73	-71	-8	-121	48	-94	117	112	26	22	-49	-15	3	49	-40	-46	-109	47	10	22	72	103	-100	13	-45	-121	42	93	-101	-6	-9	-107	86	21	124	-102	-28	-126	-42	54	-78	75	53	10	53	67	-49	-74	-98	-124	-9	-35	31	90	-18	-98	77	125	-111	82	-119	-15	111	124	116	39	31	71	99	52	49	-13	-69	1	-11	17	-22	-42	-86	102	
82	-118	-112	-81	113	70	-76	34	-88	-69	119	27	-49	-70	66	-104	-83	4	-14	50	-106	6	-80	-70	76	-12	65	37	-1	-119	0	-45	66	-22	-117	-105	-109	108	-58	-101	-101	-42	-99	-21	-38	-36	-108	-121	-120	9	-114	52	62	101	-57	22	-113	61	-26	-56	-99	-102	83	6	-110	-18	-80	65	-61	-16	-92	-21	-15	95	82	-106	-53	31	80	-7	54	2	10	-46	-25	87	-55	-65	106	-112	69	-86	86	46	-17	-121	15	10	-53	-26	-97	62	126	32	26	-92	-42	109	23	-47	-61	43	-30	-21	17	95	14	23	-104	115	-24	16	100	-22	25	-126	21	-82	-29	-92	106	-92	-97	3	-13	-22	-114	-103	120	109	64	109	-99	76	-76	116	-13	-107	-43	-54	14	-94	-81	-114	-64	-73	-21	85	61	8	
-111	14	-106	23	59	50	-107	-26	16	106	112	-48	67	-29	-58	114	103	-37	36	102	-46	-86	108	-84	4	76	54	-50	65	-5	-102	94	-19	-2	42	113	-4	101	-86	-27	39	32	76	-40	-98	-108	63	58	43	63	-100	83	-54	1	-55	34	22	78	48	-16	-8	6	120	100	121	-7	82	-82	4	-112	-107	-67	-13	15	48	-14	-124	94	57	-97	100	-58	-28	-46	36	-75	20	101	124	43	116	-45	21	-12	-13	-2	43	14	56	-9	67	21	30	95	-18	71	-90	89	74	8	-32	-107	-55	26	-125	93	-67	30	-21	117	5	58	-42	102	-32	94	115	-54	-107	62	-11	-32	13	-115	121	-48	-65	42	-100	-75	-2	59	5	-83	-22	-77	-122	-110	-113	-118	35	-121	100	118	65	123	61	-81	-69	-37	
71	-123	32	96	54	-72	68	59	-16	-90	-37	112	-41	89	123	57	-63	-113	-44	-110	-40	100	-118	-61	79	-84	-117	65	59	-11	-50	120	-21	113	-11	-53	78	-23	-51	82	21	70	26	1	34	11	35	126	-118	-50	-14	77	-57	23	-30	-80	103	-107	125	-42	-116	-114	100	-66	-5	109	37	45	-15	-128	-84	-56	38	-108	-13	66	75	47	-36	-99	121	-60	-59	-120	52	-120	55	-12	-83	0	-13	31	18	-18	58	-59	-106	80	121	18	-32	-114	-22	117	10	55	-73	60	-92	-74	-75	-112	4	-88	-73	44	84	-81	59	-43	-104	67	98	23	-87	-29	73	-85	83	-53	13	-94	-80	-97	116	50	-128	91	-11	-24	63	-3	62	-42	-5	-102	-104	106	-116	52	125	12	-36	-33	-40	111	-111	-97	21	94	
21	26	52	-10	-116	-64	-111	5	50	62	-87	33	26	8	52	65	93	-9	-34	81	24	113	-37	22	89	23	1	59	-8	76	-88	119	-24	-105	92	46	-9	29	21	-32	-121	111	48	-92	-20	86	125	-103	59	42	23	11	-9	-31	91	120	-72	107	-112	17	0	16	51	-30	-38	5	100	-1	56	103	-96	117	-58	64	-18	-45	-73	107	-115	86	88	89	107	24	55	52	93	47	-120	122	-65	99	48	95	26	37	16	47	-43	29	-59	-29	-6	69	-127	-7	11	-73	42	-7	-53	-73	-101	86	46	124	-59	21	113	66	25	51	-105	94	-2	5	116	-91	-92	-128	111	-60	91	-12	52	-66	112	111	-39	-57	37	-95	-120	-87	66	-2	36	-27	-100	74	13	27	-8	-124	88	-88	23	23	-113	-52	
-23	-127	-117	-117	62	-11	-35	-55	-101	-91	-104	113	-107	78	72	-11	-30	61	-37	-108	-99	100	-102	77	121	41	63	-65	34	-8	38	-102	99	119	-97	88	-108	-74	-24	99	-11	114	37	7	62	-80	-18	109	33	-112	-17	-4	-92	-80	-76	-18	-97	-35	-111	10	-27	52	4	35	-123	-27	-101	-10	-109	-53	-70	-15	26	29	-77	122	-30	105	78	12	63	70	-45	25	-29	-82	-98	-10	108	98	59	-74	-120	3	-85	-87	1	-60	45	57	-63	-83	-122	23	-74	17	84	13	-26	-76	30	123	77	-13	28	-119	19	61	-40	-118	-51	126	99	-2	-103	-38	15	-41	-108	-42	-10	-115	-108	-95	30	-6	-57	12	1	114	-67	82	-96	40	-13	-29	92	-15	58	92	-66	67	-52	-82	91	104	108	-28	-28	63	
9	-65	-110	85	66	36	7	-124	-73	-95	82	40	-61	-54	23	126	43	-122	-18	-120	-117	48	20	101	-25	-37	14	-8	16	120	-54	72	52	-79	-88	82	-26	-59	56	-61	48	89	-94	14	18	-40	124	-47	-19	-46	-68	-56	-90	-101	-73	-3	-3	36	-90	81	-72	-106	73	-27	-23	-53	-38	69	31	94	63	-69	-81	-37	16	15	84	-2	11	-44	-102	-105	48	-13	-67	36	-85	56	-67	-79	63	-106	100	49	120	99	-94	-123	-41	33	-55	-111	35	-50	-35	-82	62	-80	-39	18	-27	97	110	90	93	-38	-64	-101	52	-61	-24	45	-76	-55	-67	-36	79	42	35	1	-2	-89	70	-95	-85	-118	-45	-71	-108	20	92	-13	46	104	-96	-47	68	92	-71	3	96	-10	69	-70	49	42	-67	57	58	60	
10	120	-124	-41	-47	-94	103	100	72	-122	-20	7	-52	-108	-31	-32	-35	56	44	-97	-23	47	-38	-3	-78	-101	50	71	-29	4	-84	-81	60	-22	-10	101	-55	47	40	-60	-82	119	2	-33	-101	-87	-56	-48	62	106	65	18	99	-82	109	100	-46	-4	-101	-71	-66	125	-70	-119	5	43	-61	82	126	-78	114	7	-14	24	-34	-61	52	34	-116	-27	-98	-39	77	-120	43	-75	79	-30	-66	-50	-52	56	-46	-20	5	-16	-32	5	-12	-8	-58	-67	105	88	-103	-60	-73	100	86	-25	34	-2	-96	47	-112	-77	-44	109	14	100	-22	12	35	42	-62	-44	-23	-26	-44	28	60	-69	63	77	-20	-12	-38	119	112	118	-77	22	28	36	17	84	16	94	55	-100	94	-8	-112	53	16	50	-11	95	68	1	
-60	-94	101	34	-84	-65	78	64	37	-33	33	-6	90	40	-37	-15	126	114	-108	127	83	72	-12	-127	-2	79	113	54	-94	103	-122	28	-19	-25	35	-65	-93	25	-113	-80	-7	-84	73	53	63	104	-11	-56	18	97	20	-83	39	78	95	69	-2	-62	-45	50	-109	-41	29	105	77	101	-21	24	-41	-55	100	-114	-1	-85	70	-28	118	96	89	-62	-108	7	55	-111	-123	67	104	77	33	57	-45	63	-40	-35	104	-41	-59	122	-3	11	101	108	31	53	-81	-90	-115	-52	-124	-107	71	-25	75	9	109	-55	97	-96	-19	-65	69	31	74	53	-109	-70	56	-26	3	-55	2	66	-56	-29	-73	81	8	-51	90	32	-50	-57	125	-121	-100	-15	-29	-1	20	97	-124	-56	33	-35	-104	104	-39	106	-36	-42	
65	21	-7	-47	-10	-38	-30	6	55	127	-31	51	22	16	-114	105	-83	-11	-111	-75	-9	1	49	-35	-22	54	66	-123	7	73	123	102	47	-48	33	72	20	-16	81	-83	39	5	78	-64	32	-21	-70	-60	-84	-86	25	-29	59	114	-96	-58	2	48	86	-91	-7	17	-31	-100	105	90	55	-81	16	-3	63	120	-113	-110	-103	91	-57	69	63	53	39	42	-52	-49	-7	-116	-111	122	-83	4	67	-40	-54	-78	-2	-79	117	-126	-77	29	31	-28	-82	-49	105	-95	50	-74	-106	5	80	-72	-110	6	-116	-16	-52	90	50	-43	-5	71	-16	41	103	26	-27	123	12	-67	-92	67	-127	-21	-60	77	55	-20	-109	-84	68	-80	-104	-95	-84	61	11	-64	28	62	108	-96	32	-55	-94	-83	59	16	-121	118	
14	-126	50	-92	-19	46	109	-5	91	65	57	-29	75	69	-93	4	110	-55	-55	-18	79	14	-21	75	-51	67	123	122	24	-104	122	108	35	-120	-93	-95	-109	-80	-72	-60	-121	-117	45	-55	-60	1	-3	38	-92	11	38	58	91	55	-27	-104	1	111	40	116	-104	42	-30	-75	-1	-51	109	-35	-15	-36	14	66	-104	62	-23	-84	39	22	37	-112	-117	72	99	-63	57	43	17	87	31	106	71	-120	-22	119	106	51	99	-19	-95	27	76	33	-77	7	12	-40	-123	-64	-1	126	62	94	45	103	-6	-89	-57	-94	64	75	25	-98	-123	13	-106	-19	60	115	-106	54	93	-42	-90	-98	33	50	12	-40	47	21	113	-105	77	21	-26	116	40	102	-62	-75	-19	31	-73	-117	-36	-86	-94	-7	77	-46	
89	117	-112	81	-33	54	-21	-59	76	-119	-17	118	117	127	126	-12	-105	89	68	122	-82	-18	5	61	2	121	-8	-126	94	47	81	-78	-116	15	-75	-14	57	-2	-110	-113	-1	-123	-8	100	7	49	-73	65	-17	19	-39	8	-27	80	63	11	-24	53	-106	53	44	-11	73	37	-121	-35	62	115	-23	-103	-93	102	50	107	52	101	6	66	-110	-121	-96	121	72	0	-80	89	59	-34	90	54	-24	-18	-9	60	-104	-95	39	23	6	-96	-81	8	-72	89	46	-95	43	2	-65	-85	1	-111	102	-103	-66	34	50	89	15	-3	65	82	44	-113	-111	67	-122	-68	123	88	-115	-88	-93	-85	-77	-17	71	97	-108	94	43	-71	117	-98	-55	42	113	22	-46	-57	106	120	-10	35	-54	-81	35	-90	-36	-119	
59	-4	-125	-65	-44	-39	59	-17	41	-69	-108	-25	-46	80	-47	84	-117	-73	99	98	-5	117	-117	103	117	-89	-115	-63	29	14	-22	-6	-77	-126	39	77	30	89	38	93	-29	-91	-108	-49	119	-98	65	-43	74	11	58	-109	27	0	-83	-36	99	0	-25	-88	-83	-65	-33	-29	-23	-104	70	122	24	-94	-39	84	0	51	34	70	32	-67	-103	39	-115	-91	-21	52	-102	-57	85	-81	109	60	-67	94	-121	-36	-70	-95	-61	27	102	-79	37	116	-111	-50	6	-115	-116	-96	6	50	-127	8	26	-14	113	-128	25	15	24	-88	-27	-31	32	-125	-1	-25	-119	-61	17	35	86	24	-104	25	2	-50	-10	89	48	60	-110	-82	17	-66	36	-92	-124	-23	-30	-52	-61	-53	73	-48	0	-87	46	-84	-57	97	
74	102	-63	-22	82	-122	80	-49	116	18	-86	5	17	23	25	-61	125	48	121	-32	-49	-32	-75	-73	78	-99	-124	-48	81	109	95	-51	90	25	22	-98	94	4	45	61	-124	115	123	-100	42	55	56	101	2	100	120	-2	-128	-22	-67	41	0	72	-32	73	-19	-108	-123	-73	121	-97	30	-58	-99	75	-41	-102	17	83	-58	-5	29	-40	-119	40	-86	-15	99	101	104	90	37	22	-41	38	5	81	-81	-62	-72	57	-79	42	-29	20	64	-119	98	-103	7	-41	-32	44	80	-57	-39	105	42	-98	35	88	31	-57	127	-70	32	-110	-73	-114	-83	14	85	17	10	-115	97	-113	-59	0	-74	-55	75	-43	25	9	-72	76	-113	-115	13	-59	-3	-20	-86	5	-88	55	42	-11	110	8	22	51	-78	61	
-39	44	86	-105	6	97	107	-97	-94	-41	-109	56	52	78	43	-90	-115	-38	-21	-29	14	-99	-38	14	-47	-115	-60	13	48	-32	-27	95	87	84	-85	50	121	50	12	-48	36	65	35	-32	-88	-82	69	-1	70	-33	-119	-87	-32	86	25	-57	-125	36	86	-8	-61	-117	-77	-91	-37	-24	-108	103	107	94	-29	-64	46	13	-24	-127	-85	-76	-108	86	-36	-44	-50	-28	-8	-68	105	66	96	26	83	-12	-89	92	1	-85	-17	77	-69	-11	116	-113	45	115	31	-42	40	113	112	9	127	78	52	43	-51	-94	-46	29	2	-115	29	-107	44	20	-44	13	-46	-63	-10	-11	12	4	-55	-34	-77	-19	-50	22	-119	-107	71	-80	-3	31	93	-73	-84	72	-35	64	-111	96	-80	87	-97	-106	-114	-1	-73	127	
50	125	-15	82	-21	95	-65	-37	52	-88	31	-70	-123	57	-42	80	-18	-26	-110	-81	-54	-5	-51	-7	8	-44	-32	-43	71	-96	-58	38	-67	-109	68	-51	79	-105	-99	28	50	-52	127	118	-82	-29	6	39	19	17	-4	100	-91	102	-116	-24	115	-50	84	-72	91	118	-94	34	86	13	17	-100	109	-7	-123	-74	-108	-21	-55	-22	61	-125	-4	-106	-40	-91	20	-96	68	122	121	-63	-76	-11	79	-97	63	108	-57	-115	-90	-120	115	60	-64	127	-27	70	-21	21	26	-57	-42	-109	54	59	81	-107	-21	122	-121	-28	56	4	101	94	-52	-41	88	62	-117	106	61	-96	-48	-45	19	-62	-31	110	-33	-59	-15	76	7	-40	4	109	66	105	40	105	-13	-123	-14	26	-65	124	124	-7	83	20	19	-104	
-113	102	61	-15	-5	4	103	-66	-3	-42	3	-5	-97	-83	-111	7	69	-42	61	-78	60	37	-43	-55	29	74	109	117	84	-65	102	4	52	46	-95	-87	-105	127	-80	61	-26	-19	-52	96	-125	5	-27	-107	-29	-119	-93	95	-1	-90	38	125	106	96	-52	86	-33	57	99	-35	-111	-56	-105	111	6	69	-8	56	45	-104	88	72	73	-5	79	-15	61	21	-31	106	-104	18	114	-13	-30	-105	120	113	96	109	67	-113	23	84	39	-34	110	80	59	127	-51	86	-12	6	51	4	-48	-9	54	-33	11	28	-82	88	-81	6	-20	-62	35	54	59	-50	-52	-13	17	94	-111	-108	-24	40	-60	18	-119	-110	-100	4	0	-30	-105	-51	-88	-59	-90	119	71	37	-51	-69	11	4	19	126	-38	-33	54	26	
-40	22	57	12	45	-119	103	81	-111	25	92	-72	-8	-90	67	12	-96	-103	-80	87	-43	-39	37	-81	126	91	96	16	-87	-122	118	7	-75	-18	68	67	38	86	69	0	-51	-99	110	-123	99	3	-99	-17	-86	-73	34	7	21	-110	97	29	-19	91	103	114	-21	-94	-128	-38	110	24	-119	-40	124	-7	-4	10	-49	68	70	-1	44	-72	50	-42	34	48	13	74	113	101	88	86	-43	93	81	75	-2	42	-106	-48	-18	99	7	-125	-17	-27	87	111	-41	71	41	-90	-106	86	-50	-30	37	-74	-13	-92	34	41	-59	-90	101	-61	127	-75	55	63	48	-62	103	-127	-78	60	-82	77	-2	13	-34	-16	57	113	-81	119	-46	53	-79	-110	-38	54	50	-5	117	-110	-39	-80	40	-126	-47	-73	50	-36	
-95	69	59	4	-1	-98	7	-56	-77	-13	-103	-77	110	14	85	-126	87	113	68	0	117	-74	-51	93	-10	91	-60	-6	119	-47	-14	-62	27	-37	-87	-95	119	-103	-43	-59	69	91	45	59	94	112	96	-103	101	-38	79	44	-46	10	-69	115	-18	10	36	-64	81	-47	98	44	-33	-42	-128	-13	-57	-7	-52	-125	58	-42	-47	-32	-59	-45	28	-18	4	39	-59	-41	23	15	60	-97	30	-43	12	17	102	-8	-29	123	-86	108	-68	-6	18	-72	-102	-58	-52	-88	80	-87	-100	54	-121	103	83	-98	22	-30	-94	119	-16	-11	-40	-108	85	-35	-35	113	-60	-109	-85	37	-53	-24	-94	-87	-100	79	59	-100	32	-126	-117	96	-53	101	37	54	-109	94	126	-57	-91	-113	-7	112	-93	21	-28	125	105	36	
109	127	121	51	-29	17	16	105	-52	34	-52	-99	-84	95	-3	-93	-34	104	-3	78	-106	104	0	-80	-85	58	9	38	-13	-54	9	88	-115	62	91	106	-21	-104	-92	-73	26	-59	-54	-40	113	-85	14	97	-61	37	44	16	97	3	-16	84	-85	45	6	48	-89	-14	-34	79	-13	-64	1	53	120	104	-15	114	-43	17	-92	82	29	-2	-106	-99	-64	-90	44	36	19	12	71	-96	29	-10	-15	12	-117	9	87	-87	2	-39	44	-45	-119	67	94	-21	-109	61	42	-109	83	-42	65	-61	-49	113	-103	58	36	-16	95	-3	-66	118	-124	-99	-92	-126	-13	40	-32	-67	-34	-103	115	-124	102	-61	-68	12	65	22	28	-54	-35	-47	-117	53	-124	107	89	-56	113	-29	-62	109	-104	-23	27	-62	-92	-74	
32	-102	-70	-101	-11	-46	-20	-109	-92	-78	-126	-16	77	-106	69	34	54	10	-64	3	8	26	-118	-92	-84	107	-15	-52	13	48	-83	-71	14	-44	104	-125	-83	101	75	102	94	37	43	-114	82	-117	17	-30	6	-19	-114	-33	15	114	77	81	-87	-5	102	12	71	-73	-38	119	81	78	-43	26	113	63	101	105	6	-31	-20	37	-124	-117	118	61	102	-91	-72	32	75	-25	-18	-68	-78	95	-117	-48	96	109	92	-99	53	-2	0	22	124	-6	75	94	84	-101	65	-17	-59	119	6	-28	85	40	-2	-96	59	-28	79	-124	-1	-125	-119	-31	-51	113	108	14	53	22	117	-82	78	53	-43	64	-41	20	52	-81	76	-43	116	120	26	-35	67	61	29	46	43	-59	49	99	-51	102	50	-47	31	79	
-40	-57	-74	-84	119	-59	72	-92	98	-35	25	72	126	-16	100	-43	107	87	-95	-12	-35	-71	66	-99	100	-45	-66	-57	53	-40	-9	-42	73	-125	47	1	47	49	24	21	74	-7	4	67	119	-45	-57	-48	-43	-6	-54	17	-74	107	17	73	105	98	2	-89	-65	-26	34	-105	10	-5	-116	-51	79	15	-71	-68	-101	-113	-62	20	-81	7	-79	-57	48	-114	-49	-3	-108	127	100	109	88	-101	49	-101	-85	-80	65	23	59	44	1	41	53	-32	-30	-104	74	84	-29	90	-111	-23	-126	67	-90	-58	-104	60	-106	103	106	-77	50	47	-10	-93	-108	89	-115	-46	12	-38	-120	112	49	-105	-42	80	80	30	8	-51	77	-78	-62	13	30	114	-3	-60	-71	-54	-92	-105	-104	58	119	60	45	-98	115	-67	
-109	53	16	-65	85	88	-93	-19	-91	-38	46	-32	5	74	42	7	53	79	54	15	-105	-124	87	116	-104	25	100	33	120	-32	113	96	36	-20	-68	-28	98	-117	-40	-73	77	56	-55	27	-61	-30	-30	-38	-16	94	-64	-1	-86	-37	-119	-12	98	-120	-125	106	-99	123	-114	-125	26	43	36	-4	-76	81	105	20	112	-11	63	58	-85	90	9	-73	-64	-3	13	-77	-48	-1	72	4	-80	-85	88	-53	-103	61	3	-60	-41	-88	-72	-92	95	-62	-73	96	-64	85	-17	28	70	41	77	13	-84	6	16	-19	77	23	118	106	-127	78	-32	-9	-62	111	12	50	49	28	-30	-80	-72	51	61	99	92	45	27	98	67	-20	78	6	86	-63	44	104	57	17	55	51	37	-49	-124	30	2	23	40	-48	
63	-73	2	79	-71	-80	-44	-126	67	56	-127	-113	96	-45	-62	7	51	108	-34	112	26	-122	3	-25	89	13	117	93	64	93	-45	3	36	58	43	-103	-55	51	40	18	57	91	-71	-125	-24	-5	69	-64	111	108	-91	-33	36	58	44	-51	106	19	-32	28	119	-125	21	38	61	29	-106	80	14	6	-43	-96	-5	97	74	-93	-109	126	104	43	54	-121	69	-123	96	-114	94	115	-29	52	81	-17	-3	-117	17	10	-1	17	103	-105	34	-5	83	-38	66	99	-26	117	-66	72	-72	21	-29	-4	-67	15	-73	97	119	65	74	75	-11	20	-62	-126	-81	49	-67	-36	-65	89	-11	-126	-11	38	103	111	49	16	-32	108	40	32	-55	94	-25	-1	112	72	67	-92	-33	6	-106	2	-90	4	11	-77	
32	93	-56	-29	-35	-98	-102	-55	83	-121	-28	94	-8	89	-122	-41	28	-83	-112	29	-69	-116	-4	-52	36	56	-35	-111	-8	-40	-11	35	-29	-10	95	-33	-50	110	-64	24	-114	-21	-26	65	101	91	-57	107	76	28	116	-60	102	11	109	9	115	103	112	54	-64	47	14	49	-4	4	72	-78	-6	-44	-32	98	-47	-84	113	21	115	-71	-34	-37	55	73	-87	45	-71	10	-33	-21	53	-15	122	-40	75	111	122	2	43	49	71	118	94	-104	-20	-19	27	-57	-28	-126	47	87	60	91	-91	58	-23	-20	48	-123	7	60	80	-73	-94	99	43	123	20	-50	97	-91	-74	-111	20	2	-121	61	66	11	46	-76	40	-64	5	-11	-108	-80	43	49	87	90	112	-74	-117	-107	47	17	121	-108	93	-29	
36	60	-45	-115	-97	9	127	-64	127	-62	-98	4	-92	-108	33	-13	8	-110	-101	5	7	72	-52	-112	93	-9	36	18	-109	-55	29	-9	-22	1	-86	-65	21	56	15	43	25	103	30	5	32	100	-118	98	-26	-7	106	65	-67	95	64	56	-83	-106	24	123	105	117	60	102	59	-78	21	36	109	-97	13	5	116	-125	53	-60	-33	-112	17	61	83	-15	-30	58	-105	-4	-81	92	-101	-80	-33	110	-82	-39	-14	11	5	-83	17	55	-63	75	51	-109	-121	-98	-72	36	8	37	19	63	44	0	-45	-29	105	4	-42	105	-38	-60	17	-9	-26	19	75	18	62	-78	73	-90	-60	76	63	-9	-69	-86	-92	-27	-69	-125	74	124	-89	-103	-60	-95	-25	34	-95	64	-43	39	-118	3	3	76	28	-44	
-10	-77	-84	65	65	-69	124	63	-28	-55	114	-75	81	-61	-55	48	4	120	54	68	28	90	-7	-25	-2	77	123	-26	2	56	63	-117	74	-11	-68	-8	55	112	-21	13	7	90	91	79	-24	42	-17	108	-73	-70	-103	76	5	0	19	-38	103	-98	116	33	115	-124	-1	-100	81	41	9	-70	49	-1	-56	95	13	-14	-23	-34	93	-66	83	18	-80	-114	-80	-57	1	37	-97	-8	-127	45	-3	-57	109	-73	-34	98	2	70	56	-110	-45	2	60	30	-28	40	86	60	115	-127	-70	-33	-44	111	49	68	-72	119	64	-78	-33	5	-55	-9	50	-115	92	-87	-113	58	24	-58	-60	-59	-47	40	82	-27	109	86	84	-116	77	-33	77	-99	-106	55	-97	95	116	32	-77	-33	-32	-63	23	-28	-125	64	
-37	53	64	-52	104	79	-79	-95	115	-123	-76	-120	-108	46	46	-25	75	123	-120	108	114	-52	41	-121	-20	-17	83	106	-28	-2	7	27	2	-34	-34	123	4	114	-77	-55	5	63	48	63	66	37	34	-102	-41	-83	-62	4	111	-13	110	-64	117	-53	-87	-72	71	52	30	-115	70	-85	98	-50	36	-14	126	6	-78	-105	-38	70	44	-118	71	65	81	-105	-102	-124	38	81	40	-106	40	53	123	36	-12	-14	-59	-54	29	-55	-59	119	-62	-112	32	-60	82	73	116	117	27	-92	-104	-10	-49	109	11	-127	-83	-73	54	20	116	87	-55	80	49	-61	99	126	119	-57	-48	79	88	74	-127	24	-70	-35	57	103	34	51	-30	-71	-99	-37	-57	-21	48	-83	-109	-90	51	-48	-79	-42	96	89	-69	-101	
-111	-58	-96	119	-25	-127	-22	-57	-86	-119	-50	46	104	112	-104	122	-127	-127	-14	-16	28	82	-103	35	-79	-99	9	-85	81	-109	38	18	77	-58	-117	23	41	-82	-125	3	123	-78	107	-10	120	-91	-107	68	74	33	-63	125	-94	-86	-6	88	78	-7	102	118	120	124	-46	-16	-54	-15	73	116	-105	15	-52	6	112	-43	-17	-75	100	115	-15	82	115	68	-81	-90	-41	-41	27	-66	-36	97	-35	49	71	119	6	-14	11	53	-17	0	-114	105	-76	51	-70	91	-86	-39	49	41	26	-79	81	-33	-64	5	-74	-8	-107	-6	-65	-25	-30	91	16	73	-97	79	-32	46	11	-18	-95	43	17	-123	122	58	44	110	26	102	-78	-87	-30	49	10	-82	4	-32	-2	-27	-47	-44	-76	58	-6	-120	85	61	
7	36	-114	-69	-84	-89	1	33	-85	-50	54	46	-88	-35	-27	52	-120	-3	44	-88	85	-127	-37	38	-105	-27	-3	-3	-55	-94	-12	-101	47	-109	81	49	-118	-5	84	-22	23	-72	-28	-71	-112	91	48	0	-113	-71	-51	-122	-99	-69	-94	-36	118	-51	74	5	-33	93	86	111	-16	-59	19	19	-52	-95	115	39	18	66	121	53	-88	105	-16	-28	-1	-101	-12	-62	125	46	-32	-39	73	78	98	27	22	9	91	-28	-107	108	46	72	-111	-101	-52	98	-113	-41	52	-4	118	80	-15	44	-76	15	-58	-115	-51	-57	-100	-83	-38	29	119	88	30	-65	-36	-106	-126	114	-4	-98	40	97	-113	-16	-108	119	38	-7	119	84	-95	-31	-114	107	83	83	112	63	-60	104	60	99	-83	-90	20	118	-29	-39	
-85	-3	78	121	5	-68	-24	33	2	-121	-31	-44	40	-86	-94	125	-56	75	-54	-43	124	-104	-75	-119	61	103	61	19	-122	112	65	116	102	31	-127	-2	-123	98	78	-15	-6	-87	-107	-101	121	65	-9	-61	115	-116	-41	-15	32	-106	61	-7	-31	109	94	-113	19	-110	-123	103	56	-21	125	107	47	11	-119	-93	-90	-33	24	-36	62	52	-61	-71	-115	12	-128	-87	120	29	-71	107	-48	100	-73	18	-82	-74	-31	109	20	121	-16	68	-42	106	32	-19	30	-41	-112	-54	47	-81	-16	126	-108	-105	24	-21	59	124	42	75	-71	28	11	-121	102	73	80	89	-66	104	-54	-61	-88	97	-89	25	-49	-87	28	19	101	-41	36	-102	32	-73	85	-16	-72	-49	-2	-65	31	-90	-104	-67	23	-78	-59	28	
76	-50	77	-97	16	101	87	-38	-115	-78	57	33	3	-117	30	-85	121	12	56	-52	25	85	85	-25	-82	8	7	56	-4	-46	105	-124	-9	-87	59	118	-90	-58	-7	-34	71	-113	15	88	-119	36	-88	-43	57	-50	-13	-54	13	-108	61	-84	88	-46	3	113	85	126	63	-100	-46	-19	-84	94	71	-65	100	8	-89	35	5	53	42	87	7	-32	93	-99	-124	-61	-19	80	-19	14	51	61	-59	-111	39	87	-36	8	3	65	-96	83	-123	-34	-6	6	30	100	-74	-47	-34	12	94	-15	-72	-23	54	-27	-34	45	-79	4	118	-79	93	10	-87	-11	42	104	25	59	-115	10	-27	66	106	99	-82	13	-107	71	46	69	34	59	-1	-117	-106	-10	-52	16	126	22	-122	56	60	89	-69	-62	76	25	
116	-41	56	-123	6	57	8	-79	115	-86	104	24	-94	0	-40	57	-67	86	-35	-8	111	104	-127	6	2	-95	-77	-115	-109	67	-89	-73	-115	89	-25	77	-125	-50	-50	-9	-124	58	80	-115	85	80	77	96	19	67	11	80	70	-111	-14	-27	31	-82	-24	83	11	57	-86	50	81	-74	7	-23	38	98	2	-114	104	-111	119	-116	-121	-37	92	-19	-125	10	-86	-42	110	-24	-128	-111	-77	55	6	-83	-122	-67	-105	-112	77	-93	-114	-56	-78	108	39	25	30	4	18	-80	59	123	23	-21	-91	93	7	48	-43	-21	-104	-43	84	-37	-118	-2	-7	-106	-124	118	14	93	-9	-50	40	-56	-67	120	118	121	-34	-58	-16	-24	-36	-99	48	-1	-121	-12	-122	112	89	85	57	-49	69	-17	-16	-87	51	-74	
65	-119	-126	119	57	76	-51	96	111	31	-61	-23	-29	127	-40	121	-22	-30	127	116	63	73	97	19	-42	-124	63	76	-1	56	1	-15	-77	86	42	-23	-118	118	-38	-70	-68	74	-86	29	98	-128	5	76	66	-23	110	-42	4	-30	-43	-115	-38	-116	109	44	-4	48	28	-71	31	-54	116	-123	-20	84	2	82	-72	96	-122	-14	55	-124	-97	-80	-33	76	26	-54	55	-57	1	21	-8	-35	0	1	-14	-118	-63	79	-77	-12	107	-44	-35	-37	-75	-106	100	43	66	-101	-80	-59	94	18	-80	-33	-61	-68	77	126	-122	-80	-121	78	6	-2	14	39	-39	126	63	-93	15	-93	-9	95	53	104	-23	-123	-96	-91	71	26	6	-88	-12	71	-84	96	12	32	-51	-4	63	-91	6	-116	22	108	62	98	
95	53	-108	-82	83	-32	85	-42	94	115	-59	-80	-91	-8	48	22	3	-101	-33	53	21	82	-16	-1	-93	-78	113	67	126	-7	-107	62	90	45	32	107	119	-96	-28	-74	17	-16	-54	-104	110	-10	-96	-101	11	50	43	97	89	10	-95	-59	39	51	-25	58	92	90	99	-10	-67	-102	-60	-118	-4	90	83	80	-44	108	78	18	-43	-90	95	-90	-61	5	59	-92	34	-42	30	-17	-88	-83	1	-96	42	14	-31	-90	-11	43	57	105	-50	-48	99	-34	27	1	74	-14	-25	-2	-75	109	79	-38	104	-29	-128	34	114	-17	-117	-87	-112	75	-101	64	-19	-7	69	-61	22	-29	88	122	6	86	88	103	-101	96	-6	-123	77	33	81	64	-119	-3	41	-86	-34	-65	0	29	-41	-48	28	-72	-45	-5	
-67	-118	93	39	-3	-76	-46	16	-103	108	-85	66	-111	48	-44	-120	102	-41	-103	73	-49	113	113	114	-80	122	27	34	-74	15	126	26	-86	-88	-15	-38	-17	97	-50	105	-78	-40	-97	120	78	-33	31	-79	-21	13	75	-100	50	-103	-48	125	-27	78	81	-39	78	107	-79	54	117	119	41	-7	15	90	-108	97	45	-3	118	28	-115	49	-93	-38	-87	-41	99	46	98	81	95	112	98	10	66	-100	-83	14	52	104	56	-81	16	13	101	105	16	81	69	73	-127	88	-79	126	77	-63	38	32	78	-88	-117	120	-23	12	35	-74	58	-46	115	-49	55	69	2	-111	-110	3	74	-72	67	99	26	11	38	63	46	89	-96	-64	3	-15	-116	-78	111	10	47	25	-123	-100	1	68	-22	-109	59	43	
-90	-45	17	7	-17	50	126	102	110	-82	-34	-98	-113	81	-122	8	-103	93	96	42	118	109	-90	-9	-43	-124	-105	123	83	-16	73	4	-45	-116	-58	-126	18	47	-63	-51	-52	73	114	-120	-111	-98	113	-68	3	119	-3	3	-25	-56	89	62	-26	-121	75	28	-120	-75	92	61	-72	38	-84	-59	92	59	34	-37	-1	95	115	38	54	-12	75	-17	-28	-71	62	34	11	81	-44	53	-114	30	15	-4	32	-43	33	111	-39	-109	-91	-77	17	-35	48	-71	-91	-65	28	-7	-85	-90	-109	-48	60	-123	23	-110	60	13	-126	42	-99	-36	-91	-11	-93	28	-80	-93	79	-49	95	-113	-47	6	98	123	26	-71	44	15	73	6	24	-25	-47	-50	23	-54	-7	61	0	91	15	-40	-62	10	18	6	-71	-110	
-93	-71	-66	-93	83	19	-105	109	-126	-32	43	80	-6	104	66	61	91	-98	121	-48	32	30	81	93	-49	24	39	57	-68	-44	-100	-30	6	16	-64	74	-60	-103	-12	-23	51	-66	103	123	-103	33	95	44	-126	-28	28	35	-106	-10	-78	77	-33	62	2	106	6	-49	-114	-54	53	82	-37	49	49	-5	6	-57	82	43	-68	-18	32	40	-74	-67	-95	61	-124	-18	-107	-103	49	127	100	-42	63	-28	-128	13	-1	33	-39	29	-51	19	-12	-3	13	-89	39	-110	64	-58	-125	-11	-99	34	117	-44	74	-93	-109	99	29	17	-121	-86	25	-121	67	29	-108	86	127	73	16	9	-116	68	117	-20	-8	-60	6	-83	-56	41	10	100	-88	84	-103	93	-57	-50	-10	58	79	-1	73	-98	117	109	70	9	
126	-88	-71	60	-90	-67	-60	-118	-12	105	52	79	-50	42	-115	4	-113	35	-79	-57	106	-13	123	65	6	-84	-80	-28	-74	-108	64	80	68	23	-45	75	99	107	-68	77	84	-4	-13	-125	-18	-18	-82	-2	-79	-26	-12	-61	112	53	-39	-19	123	50	-55	25	-53	-25	69	107	-5	123	-125	70	107	30	-3	113	-12	-26	88	118	5	-99	66	64	89	44	-7	-50	-19	-88	-9	98	-68	-87	71	57	123	-105	-33	-6	-110	20	-104	-18	-49	111	-82	-77	25	-128	122	-82	-113	-78	28	-89	-46	57	-98	-17	-68	53	47	-43	67	-86	14	-78	-100	13	16	102	111	76	-59	124	-103	-20	-104	17	23	-104	18	-61	-82	103	-125	-96	108	0	39	-77	44	-120	96	-97	83	-99	-127	18	49	-19	70	-90	
121	-29	34	96	53	18	-128	13	-24	55	11	-104	-63	-17	18	-72	60	43	49	-84	115	-4	111	-57	-77	-64	70	-7	-35	15	125	122	99	23	48	-5	-127	-105	0	71	90	113	95	-87	80	43	127	-121	74	119	96	29	105	-46	16	28	31	12	-10	-70	109	19	-118	-49	55	79	-72	122	31	-118	100	-102	51	2	91	110	-95	-75	27	1	-54	-21	-70	-93	-80	9	-45	-106	74	46	84	110	29	33	-89	-116	112	-13	-37	4	-61	-98	-79	-100	-53	-96	100	19	49	-70	86	73	-68	-14	-46	34	4	43	-14	-80	-112	-36	94	118	36	104	118	64	-18	-55	40	86	-87	-32	73	89	-33	-50	36	-50	116	-61	-24	27	53	-104	-51	-119	112	17	-8	-109	-96	21	-92	13	26	0	-46	-39	
-2	100	96	65	85	-118	-67	37	124	32	30	55	-5	58	81	-44	-123	25	37	-74	-84	-57	92	-59	38	-7	17	123	103	-38	-56	7	-25	50	123	-122	39	-113	56	91	56	-95	-124	86	-48	-94	-34	-27	-54	-47	-2	107	-92	-88	77	58	88	-50	-9	-59	83	95	16	-10	91	30	30	127	-126	-98	44	84	-75	95	70	115	-116	-55	21	118	-122	-54	29	103	112	110	-34	32	-28	62	-93	-62	-126	-52	75	8	-42	118	27	-109	-30	40	-61	82	-58	-48	65	-105	29	90	-91	58	52	111	-115	-37	2	45	73	107	15	119	-51	18	113	83	-49	-110	61	82	3	55	46	-55	-28	-122	111	68	11	38	-61	-109	6	-108	38	13	17	45	-86	-74	42	-126	57	-43	29	-64	117	113	120	-65	
-21	-58	17	60	-23	72	46	-84	-112	-86	125	-116	-67	109	2	-45	-7	-23	-115	-61	22	-118	-43	-86	-72	17	-65	39	-102	-80	-63	-119	29	-61	-107	32	-112	-17	-31	-54	-17	-50	121	41	-119	-79	93	4	-85	36	76	-20	-18	66	118	105	-24	17	43	118	18	-1	96	-24	-54	76	80	-13	19	14	65	-20	-83	-116	55	-115	40	-72	-111	-109	-83	112	22	60	-105	-79	-64	2	-101	69	-113	28	96	63	117	75	-80	31	30	-16	-92	-113	63	-47	30	-83	-22	100	-99	59	117	54	65	-20	-80	22	125	-71	53	-106	-95	0	12	-43	6	-67	-106	-95	71	54	105	76	-17	-96	-113	118	121	-68	-39	47	-95	91	-34	14	-118	28	-113	-41	108	-93	-82	43	-113	-83	121	72	-56	81	-96	-55	
-94	28	76	-80	107	-78	107	64	-60	99	-55	87	79	53	6	25	-28	-39	40	-25	-37	-84	119	64	-39	119	77	50	117	-116	102	35	-38	123	-124	-106	-4	-91	45	-84	-122	-89	-15	111	65	-31	-96	-15	0	125	-50	-29	84	60	108	-121	12	-59	7	99	47	-17	71	72	76	-52	-40	-28	56	-82	7	-106	99	15	-114	-79	-75	-117	-128	68	-104	-26	-65	-100	-23	-101	-128	2	-117	76	-125	-42	-98	52	52	-22	-120	60	-103	62	35	114	9	-123	-123	-83	-49	62	-29	-117	-22	-29	69	-70	-8	97	-46	-66	70	110	20	-47	-99	81	-125	-104	82	-33	-101	119	-110	-82	-86	62	-82	-69	-58	-90	-100	-28	-45	-116	-9	-67	5	37	10	-6	63	-91	-28	-81	-21	14	75	-91	110	67	-100	-8	
50	55	-15	-15	105	29	-11	-8	32	103	-8	-118	62	-53	-52	122	-31	59	-30	1	-61	-104	-22	-104	-107	118	11	-14	-51	34	-128	-105	77	50	0	123	82	122	-94	72	17	-60	-66	102	114	35	37	83	-116	-94	-71	79	47	71	-36	8	77	10	-127	-107	-7	-26	114	-112	-66	-118	78	-127	-94	78	86	106	34	-83	-27	-105	-6	-6	-75	107	-67	-22	-49	-120	51	-18	46	45	-51	-13	29	-114	6	-125	20	47	-28	-37	-125	35	59	64	105	-73	70	-24	51	122	0	-12	-20	-29	58	-125	33	116	-73	-60	33	86	37	-54	-75	-111	66	-56	-90	-2	104	-97	38	-26	-56	-4	38	80	-110	-93	95	-5	-71	-49	109	65	78	95	-13	80	-16	-92	-96	96	15	120	56	16	54	80	-83	120	
112	111	29	30	13	34	-73	-33	-123	53	-54	-82	38	-94	-112	-49	-15	99	-1	26	68	-71	-66	-62	-18	0	61	-74	-84	55	113	60	68	112	33	78	-58	97	-98	-57	27	66	116	-68	80	91	-8	35	53	-128	29	-68	-43	104	64	-1	-12	-78	58	-120	96	75	121	-106	1	5	-28	3	-34	46	-103	121	110	-10	-103	50	96	82	-21	-121	-1	10	77	-99	120	73	-9	-98	-19	13	16	127	-68	72	-70	-109	92	-100	-85	-44	3	51	-34	95	100	80	-85	-27	-96	14	-4	19	63	1	-25	11	-16	-28	14	-103	-81	-25	-72	-63	-8	-77	112	76	116	-104	33	69	-32	-32	109	96	98	117	18	115	6	-2	-21	36	-105	-69	94	-54	42	44	35	-77	-46	-97	95	-18	55	-38	54	-126	
-71	-122	63	85	-6	1	13	-94	-37	-60	83	-99	-100	-84	116	-96	109	68	118	21	27	-115	-56	7	112	-35	123	76	-15	-21	38	-109	-79	62	113	-106	105	-77	82	-43	-123	-123	44	25	-55	-124	-114	-125	-17	101	20	-19	30	-81	91	51	54	-32	-119	-127	-4	66	28	-57	-123	109	39	24	-6	-74	75	53	-93	-29	15	127	104	-108	-123	-112	-120	-92	85	-12	-126	-92	-107	78	-17	99	-108	8	-94	-128	-8	50	11	46	-110	-79	-52	-30	47	-105	95	27	-36	-16	-65	-91	127	54	-83	-21	-124	83	-15	-79	99	61	67	-74	123	-99	22	-16	24	31	-119	3	-90	94	-117	-73	87	-78	76	-70	14	1	-104	-72	23	118	-31	-82	-48	31	27	73	-54	13	99	-34	29	-107	-48	102	35	-120	
86	-115	66	-127	-125	-49	-59	100	-93	-103	32	118	122	-40	-72	-93	-106	52	-36	52	-128	-83	-31	110	83	68	54	98	-107	78	-103	92	33	6	70	93	63	11	27	-93	-127	-32	-97	102	124	-126	-91	69	110	-60	-121	122	43	-27	-1	-76	111	55	-42	66	82	105	-93	-66	-7	-58	-93	69	-58	20	-78	70	91	46	27	-125	53	100	-102	-23	-92	18	-18	21	-127	122	-16	84	61	125	-13	-60	-20	0	74	24	-104	53	-127	59	115	53	117	-81	10	9	43	38	-10	-99	16	45	-33	46	-83	98	30	-125	31	70	93	40	28	-96	116	81	-13	44	-30	50	-60	-82	43	118	99	116	11	73	-23	57	39	-31	9	-21	104	121	-80	14	87	36	63	121	52	113	-84	122	52	-19	104	41	
-12	-5	-56	127	-115	-39	59	22	21	-115	49	-108	97	-92	88	-103	111	-16	-99	87	18	-10	-125	-68	-108	89	79	44	109	122	-99	17	-89	68	112	111	-54	-50	114	-28	-45	-51	41	-44	-55	92	98	113	109	78	80	94	34	103	-73	-102	-119	-83	95	73	-48	-115	17	59	-76	91	69	29	-27	-5	-48	38	-5	10	84	-126	-10	84	13	-123	25	-61	-103	-59	100	25	84	-116	18	-87	-24	-120	57	-26	108	7	75	-29	-86	98	103	67	-69	10	101	49	-34	44	-107	92	125	-122	45	-83	16	-26	-118	50	-7	16	-17	-85	-6	-29	-22	-110	-93	48	-128	-89	-21	7	-73	-71	117	13	11	49	-113	-106	83	-31	63	-59	-18	79	-6	77	-113	96	-47	104	37	-30	-84	46	-96	-11	32	-98	
37	-26	67	-49	59	-42	-100	-24	-42	118	67	-126	-77	-62	47	-31	77	116	-6	98	115	64	118	-47	-13	-49	-21	24	-57	113	59	75	24	23	3	71	-78	-123	-82	116	-99	-41	-109	38	-54	80	-24	-116	90	19	29	-46	-33	-10	-83	47	-83	-46	-11	-102	-113	-62	-123	120	-16	59	-28	-37	101	81	58	91	-123	38	38	56	-86	44	71	15	46	69	88	-43	-16	-50	-90	17	86	-91	-8	48	-41	-46	0	87	42	65	-68	62	60	-41	53	13	32	7	-111	-70	-108	-121	108	-60	122	25	27	-30	98	56	-94	34	-7	-40	96	-15	30	-119	86	34	81	7	-110	-62	-94	-117	65	5	-42	-61	112	44	45	25	1	84	119	-66	68	-3	122	42	54	-12	12	68	108	11	36	28	96	118	
-54	-33	-76	-12	101	-24	77	-89	-109	-42	89	-105	6	-95	35	60	76	-4	-9	45	14	-10	-15	-76	-120	-126	107	94	-51	-42	23	-35	45	99	-56	-128	-91	48	18	26	110	123	-74	73	-40	114	49	84	40	-125	71	-59	120	-127	-39	36	56	32	120	113	-119	64	49	25	75	73	-99	124	3	-97	-102	34	98	-64	-84	42	19	-17	-1	-99	-92	-38	-13	86	85	-47	-72	-64	54	-12	-80	23	-118	6	15	-45	-120	-11	4	113	65	71	54	20	-121	78	39	-8	107	58	-95	45	-71	-91	108	22	89	-90	101	-7	-63	35	-85	-103	26	-111	-32	-27	-33	87	-94	-7	-53	-120	88	30	-55	2	92	-118	111	50	-40	-23	-94	3	-83	61	-102	-86	71	11	7	-125	-87	-39	41	103	34	-71	
-113	8	-73	-75	11	67	37	97	93	-112	-14	29	116	29	-44	91	-110	-97	-89	-101	-78	3	45	3	73	-113	-3	86	50	8	74	104	-60	37	91	29	-97	-29	-124	86	121	7	-110	-26	-47	-54	80	-10	58	127	-37	-95	-69	70	106	10	-127	88	111	-41	45	91	-45	-111	107	-95	-85	-64	-58	-91	-95	19	-63	54	-86	112	-82	85	27	-114	-10	-51	113	7	-110	102	92	86	-27	77	-104	103	-120	-57	-95	41	-125	55	-125	42	-20	73	10	101	41	126	110	7	-95	-104	35	-40	-72	-103	79	80	84	-126	55	77	-104	35	-79	-3	-8	-108	86	-63	125	72	30	6	50	-48	111	-54	-23	13	23	-20	-97	42	-19	3	71	53	-28	-40	-61	127	-58	56	53	73	78	90	-75	-31	113	11	
48	29	122	42	-98	109	-16	19	-23	113	-111	35	81	-25	-23	122	49	46	-115	-26	-1	-113	-8	21	-3	24	81	-44	65	99	-82	68	116	-119	-56	43	-61	-74	91	-99	82	-25	-16	69	120	91	-122	4	15	-6	-2	-98	-33	125	32	-110	-50	20	53	-17	2	-47	-25	-127	100	-51	-96	35	-65	-72	-70	81	-61	70	-65	-93	126	72	75	91	68	17	-109	99	-43	50	101	23	-24	32	-111	104	56	115	122	50	-11	-93	120	-38	33	-37	-114	-82	79	29	-112	-16	53	75	49	110	-64	-81	23	-123	-108	-66	82	-103	57	-125	58	-109	-42	32	91	47	-98	84	103	-18	57	30	24	45	108	27	35	23	-116	1	-60	3	15	23	47	113	-79	-13	69	25	-48	88	-31	-20	-91	84	30	-54	
-82	-94	-26	69	-93	95	89	-103	-84	28	96	-5	-10	108	-91	65	24	49	-8	-106	-81	-126	108	48	13	-90	83	113	-17	94	21	-24	-125	43	-112	21	-75	70	-77	58	-62	44	-127	94	124	4	92	-67	5	91	-87	-45	6	127	-113	121	-103	102	67	-119	-127	79	121	-68	-11	19	-122	-5	-1	70	51	-34	99	-27	7	101	-5	100	-63	-14	55	82	-22	74	-57	118	77	-60	-104	86	24	39	112	-121	-84	-26	125	-96	-122	80	120	69	26	118	-77	80	-122	-35	3	39	-36	-111	69	-64	27	22	-43	89	101	-96	-102	-29	103	23	35	23	74	88	-37	89	40	-119	-53	-21	-80	72	122	107	-22	73	-65	12	10	-106	124	-38	95	-96	69	90	22	64	-51	112	45	-60	26	-13	52	9	
121	83	70	2	126	-128	-2	35	107	-127	77	-125	20	-116	0	-9	119	81	61	72	-81	78	-119	119	4	-115	61	-72	-122	-104	-40	-2	-39	13	-95	-47	31	-4	-111	-99	107	-26	58	-8	-30	70	31	10	-110	14	108	-125	-1	51	-14	37	-7	4	-86	-12	-116	70	124	-93	102	66	-112	92	66	30	95	-112	79	-116	-111	-124	-72	-56	26	67	27	82	73	58	62	-65	-101	-12	-28	-30	-2	-111	49	-21	-61	-53	-77	-118	-53	-122	28	-91	-107	-96	24	-19	-23	-51	-41	101	-26	120	77	-108	-58	33	95	-103	96	108	-68	-113	-41	-65	21	71	84	-108	-63	-71	67	105	-94	-107	59	121	90	-100	101	-33	-128	117	-28	116	50	44	9	22	-105	-84	-84	-53	44	55	-61	11	59	22	-119	-59	
-72	47	-121	107	-16	-14	60	-94	35	-7	-17	39	-125	74	-57	-57	0	64	60	-90	-61	-55	83	102	69	92	98	94	-64	-14	-74	6	-81	61	-14	24	121	-78	76	67	119	-59	33	-65	-53	104	105	54	-76	3	86	89	-5	-100	36	-40	124	116	-64	126	-29	11	85	101	-75	-82	-126	-37	19	-60	85	-47	57	111	120	-125	-44	-88	-48	49	116	-112	-25	115	-31	48	-45	7	70	5	100	26	23	97	-50	108	113	56	102	81	-30	125	-126	-63	-4	-123	78	-104	97	76	-119	112	-75	81	84	99	34	-21	101	107	114	-64	-112	38	79	31	42	-45	56	-6	-59	-64	60	-117	86	2	-25	-120	25	102	31	66	19	41	57	-42	127	-26	65	94	103	96	33	-60	-107	-92	-82	-1	-5	13	
75	51	121	-122	-119	83	68	62	-101	-96	43	-27	42	-101	12	89	-119	33	-92	-67	-116	30	-62	53	94	-115	25	98	86	103	-93	-71	76	47	-126	30	-5	-35	-105	26	-25	126	24	65	-37	-49	105	-86	97	-91	-59	-14	-2	127	-31	-117	63	-57	-25	-59	-79	64	27	-48	-59	96	57	75	33	-51	98	-55	96	-8	-105	10	80	99	54	-25	-88	-124	-103	24	-103	-69	61	-100	19	-26	80	-12	59	11	-118	107	59	19	-64	-115	16	84	-52	-21	-124	-118	-64	117	-44	108	115	-112	-56	-127	-50	-33	86	43	35	2	-27	122	10	-95	111	61	-28	-113	112	50	30	27	69	-106	92	13	35	-25	118	12	-108	-58	21	35	101	-62	104	-9	36	21	36	-62	-87	117	48	4	-54	60	31	99	
-74	7	3	-54	-117	-89	1	-8	17	-54	-17	5	-104	-104	-96	59	33	115	64	74	29	122	90	-55	-33	-84	96	-122	-14	-80	25	-23	44	93	-102	56	-104	-43	36	94	48	-47	-69	-119	116	63	35	-58	-124	-68	-55	-44	-91	84	71	-52	-69	8	-12	34	-55	-12	-120	59	-36	42	-21	6	-89	90	11	101	-61	60	-2	30	-65	-77	-52	84	-26	76	123	97	-84	17	-30	126	-28	92	24	-88	-115	30	72	1	-17	-2	-98	-115	26	2	20	-95	58	-40	119	41	-38	93	-71	79	-86	19	-83	-109	61	-62	21	72	95	-95	-95	-38	18	-100	-107	115	57	-121	37	-83	-81	-78	-47	19	26	6	126	54	23	91	-66	-22	84	-35	-117	-37	-8	-2	-121	-7	-59	92	-33	-46	99	-94	-5	25	
-3	-56	-127	-62	47	67	-47	87	59	-39	68	18	-39	-55	63	35	-39	-59	-115	-46	71	114	81	-83	123	-89	50	102	108	-34	17	-24	-21	66	51	52	41	-111	110	6	-59	-89	101	2	59	124	-32	54	17	67	-115	-67	29	48	-115	114	-31	73	37	23	42	-83	-8	-43	91	78	-113	-97	90	53	3	57	-64	43	-52	70	-42	0	-43	-39	-19	25	49	40	-122	113	5	110	43	-87	-37	-19	-31	-127	-62	-24	127	43	-70	59	-80	-55	85	120	-49	119	17	91	81	-86	52	-62	-109	100	64	-116	73	-93	-117	31	61	2	-7	65	57	93	124	33	13	92	34	59	60	10	-7	32	-66	-122	127	2	-79	38	127	60	-52	-40	127	90	-15	-127	-115	34	-61	4	110	-5	102	76	104	114	
31	33	93	89	-32	57	124	-71	1	-127	-60	-115	-99	16	96	56	-51	29	-42	119	80	35	10	10	-102	121	8	-119	-33	-86	27	-66	60	18	81	-57	57	109	-57	78	4	-65	-50	-81	-32	-20	59	-29	-123	-119	126	120	57	-6	93	97	16	107	102	-118	116	65	33	38	26	123	-2	79	-40	55	-111	-106	-73	126	28	99	127	63	-55	69	19	123	-77	73	20	-63	25	69	87	-19	-53	3	-12	-22	-89	-95	-16	-52	-25	47	-106	-97	69	125	-89	15	-71	-67	84	107	-42	-75	40	104	-106	10	-122	-38	-115	103	-63	-89	-120	41	10	-41	-96	-90	14	-41	-91	-48	-118	-10	2	76	-44	62	85	56	-6	64	-101	98	-11	78	27	-58	-56	-67	26	-114	-5	73	52	-80	-113	-56	-41	-45	
99	102	62	36	-23	-47	-22	-15	44	52	-70	-115	-43	115	127	120	102	98	10	-84	103	-9	-35	52	32	105	76	36	76	-52	-35	-82	34	-24	-107	32	18	75	-3	-8	-24	-8	86	84	-78	109	100	-46	42	-79	78	-69	-26	78	-122	1	-91	-96	21	-99	21	85	35	-3	-32	13	127	-116	-51	73	31	-65	67	-65	84	29	101	-31	-103	-42	-116	-90	-87	111	13	-55	1	-16	-24	-101	10	-91	43	-9	100	61	-81	-5	22	-51	34	80	30	104	-17	66	-68	104	111	-86	44	-60	-53	50	41	5	-107	112	-108	-71	-38	123	-28	125	66	37	15	72	-89	-69	121	27	20	-63	99	43	117	-45	-118	-86	118	58	-72	94	-4	47	-38	-126	-42	-105	-68	117	104	-118	-105	-65	3	-109	123	26	
11	-20	-108	-46	-80	-94	43	-98	95	-124	91	4	60	26	-119	47	126	120	-119	124	-76	-90	51	112	107	-120	56	36	35	44	115	63	117	3	2	56	-101	-109	34	97	-8	81	116	-92	-77	67	43	22	57	-97	-105	-17	-75	1	-122	98	74	-81	41	85	35	2	27	-18	50	-114	99	-5	0	-18	92	4	3	100	7	9	82	121	36	-64	-13	31	-53	110	22	81	-85	24	10	-39	53	59	-19	-12	26	103	2	99	-96	-103	43	39	65	-124	-69	91	63	121	73	61	33	112	42	-16	-92	127	116	-91	-26	-2	-123	-109	-18	-16	120	-102	-46	-69	-35	-58	52	80	-20	91	29	117	-78	103	19	-41	-123	36	123	82	-119	-40	92	101	28	27	26	-36	-105	108	-102	53	-76	118	55	-121	
-33	126	-121	-123	-93	-35	47	-118	-4	112	56	-73	-2	28	-11	-11	2	16	86	46	52	-73	-59	41	54	88	62	91	59	112	25	3	-40	-92	-88	40	-35	63	31	98	1	-61	-55	122	-107	51	80	-55	75	86	64	-50	91	-66	118	-48	-37	-74	-79	-88	26	-12	19	-110	43	79	100	-121	44	58	101	23	-100	-27	-3	-107	104	-126	71	-41	-6	-36	69	29	-88	18	97	78	-10	76	-65	10	105	-94	-97	33	-96	-9	96	85	108	22	-112	-53	-106	121	-10	124	16	15	-105	72	45	28	83	-107	-40	-116	13	-18	109	-8	-22	-63	-110	-87	0	95	46	-72	-21	65	-9	43	35	-88	-128	-14	21	101	-124	-48	-3	-81	-87	-82	-75	88	-69	-80	-99	109	-7	-120	18	-76	-5	25	-78	37	
48	-16	-64	-113	-53	88	-104	-122	36	-98	-4	-51	-42	-16	-82	-28	-26	-63	28	33	-112	80	62	-73	-28	-104	-89	-40	74	5	-37	-43	-67	103	-26	-63	0	-99	-25	-97	-86	-84	-100	-50	74	-35	-67	-26	71	84	-43	-93	38	18	-106	-39	-23	-111	8	106	50	120	-8	106	-84	108	-45	86	80	6	26	36	98	-121	20	-67	55	52	-109	110	92	-63	-24	38	127	29	10	-101	-10	-41	18	80	-55	119	34	-100	-66	-84	115	-33	-2	-117	61	116	72	61	-33	-93	17	5	-2	-79	-2	99	46	98	61	52	20	-82	-12	-73	120	124	116	-68	34	47	-55	-112	-44	35	-32	-118	-1	81	35	-57	97	36	-60	72	77	5	9	11	-121	-19	-124	91	-81	119	-76	109	-128	-21	113	40	-86	-45	
-62	-113	12	-78	-13	21	-71	117	-56	-127	116	-117	-98	-92	-31	-6	86	-19	6	-13	-84	-100	-110	-47	-11	-94	-65	79	-32	-91	106	99	41	33	-18	39	28	-2	-43	9	34	50	-41	61	117	119	-126	-98	42	-38	-44	-77	-60	-97	-127	99	82	-125	23	-31	-93	106	50	-48	-57	116	-86	-116	-40	8	-47	-5	1	78	62	-92	-121	6	22	21	-128	120	-80	-102	46	-31	13	36	90	38	-96	122	-41	-32	87	-54	127	2	71	-72	61	116	117	89	9	103	73	-47	98	14	-89	-112	27	86	44	-43	-90	-76	-31	-21	-116	-108	51	-9	22	79	-35	-29	112	89	70	6	119	8	-57	67	69	41	59	14	38	13	58	-6	41	71	-128	92	7	81	86	33	105	18	107	-12	124	-109	-14	97	
-32	-118	-11	89	73	-54	60	58	54	73	108	51	62	-98	84	75	-89	-107	-69	-104	-106	-93	78	119	40	38	-4	124	32	106	26	-88	-118	94	41	72	89	-111	-57	44	-56	-125	-85	-2	25	64	29	-11	36	-20	73	13	30	73	-89	-45	-57	51	84	62	-103	-96	100	93	-25	-42	124	-46	-127	127	-112	-104	-89	-56	-4	104	-126	75	-100	111	-16	-76	40	6	-96	-46	-42	-122	53	120	83	-59	-24	-67	-73	8	114	19	65	68	-99	17	-127	-16	-26	-27	72	15	-71	-75	-7	22	120	5	65	-102	97	81	68	-105	-87	98	39	33	61	79	-110	-96	-114	-61	-17	-83	9	48	63	118	68	-40	73	74	-49	-68	-2	107	0	90	-116	62	4	-30	54	42	48	-28	-4	-1	-57	44	22	81	
-59	5	-79	-27	-78	-8	32	98	37	-55	117	-21	-126	2	-81	-82	-2	-60	-8	101	113	-111	127	-32	58	-60	112	-21	-57	-118	65	-23	-20	-18	87	-115	-80	88	18	-45	-31	-4	70	67	-44	-126	5	83	24	-43	-107	54	-126	116	-57	-31	-36	-9	-61	48	6	-83	29	-3	66	-91	53	27	106	76	-43	-41	10	-45	9	101	-75	27	19	8	-22	43	-119	-41	-43	36	80	90	-54	39	48	-29	-98	-72	22	5	110	32	118	-22	27	-13	8	-59	123	-90	121	-111	-122	-57	9	-101	-4	110	-77	-67	102	57	-3	65	-21	36	111	122	-2	-113	13	127	-27	123	70	101	-25	27	-100	93	66	-21	54	-91	-90	60	93	-68	-88	-38	110	-101	-35	59	17	1	26	3	81	-123	-37	-86	124	123	
-99	19	-108	97	99	-21	53	-58	-41	-97	112	32	-27	-125	47	-122	84	-40	71	89	-42	28	46	90	-86	47	30	101	24	101	-25	20	-124	34	37	115	-66	6	113	-14	90	53	110	123	-125	-51	-53	-92	-52	25	65	-20	28	-22	82	-88	-4	35	119	-15	126	100	-98	-104	-50	92	62	12	57	-23	-46	55	110	58	-8	-32	-23	-65	75	-14	9	38	-107	-94	41	90	28	-55	-21	112	45	88	-109	-100	110	-9	-37	-66	80	62	-21	115	39	-112	63	-12	80	-127	101	-62	-84	74	-41	-10	104	-97	-53	88	78	4	-23	-8	69	28	-105	125	-105	-56	-49	-108	-14	-118	69	-81	-54	31	-85	-21	-112	-102	-26	105	-34	-22	-16	-27	-79	-98	80	-119	-1	-51	-64	-101	-63	120	77	35	18	-39	
-118	-28	44	50	-48	-106	99	121	29	116	74	-125	-53	-62	-78	-32	89	120	70	0	100	-27	-7	-22	115	-13	72	84	27	-14	-78	10	-107	-113	44	-16	37	86	50	52	-98	97	-99	-5	-53	-122	-67	-121	18	44	-91	-50	-16	-23	100	-56	68	-23	-34	-101	-48	38	-78	-34	-61	3	38	50	-12	57	55	91	43	94	40	-77	26	-124	-122	-111	107	-79	100	-88	-2	-80	-29	-79	79	24	8	109	-93	-17	82	115	19	79	7	-49	-39	57	-118	-54	-7	79	-84	36	-82	121	-109	-66	15	29	5	25	106	-102	61	-52	70	54	-41	65	109	-123	-91	-91	80	-54	-83	51	54	11	49	-88	-14	104	56	78	100	-92	23	-67	11	-68	107	-48	-67	20	-78	102	-102	109	120	119	-113	-28	101	13	
42	40	-71	54	-45	102	4	41	-102	113	83	-18	4	-120	117	-40	94	51	-8	-113	-79	80	-63	84	15	110	-82	68	47	26	97	65	-14	-41	-36	-75	91	66	126	120	91	-16	66	-70	0	19	-58	32	-56	-94	94	48	92	-42	8	103	52	108	-118	-26	-6	-22	78	119	2	-70	113	25	92	-89	61	-57	101	-24	88	122	-56	17	110	45	-94	-47	-47	-33	-38	-111	-108	-120	-118	-24	62	52	-58	28	-50	-91	49	-126	95	47	-25	80	23	115	72	-123	-68	-116	-3	-75	-14	59	-49	36	29	102	18	126	-114	-52	75	92	8	-119	-112	-47	-104	-91	-56	-107	27	-23	-79	87	88	21	115	-86	90	-127	113	108	93	111	-38	11	0	36	92	-15	-99	87	120	-118	51	-69	94	-84	58	-32	
33	10	-32	-46	-88	-16	-54	84	72	19	-21	32	-10	3	-24	68	-49	41	124	-21	-66	105	34	-55	-100	-26	-85	-50	-47	-47	-75	-63	99	51	-26	2	-7	43	39	-123	-48	74	111	27	-22	-6	1	35	-91	67	116	47	-81	-120	77	-101	120	-104	-3	39	-96	-122	-36	6	-1	13	-114	-32	-107	20	117	0	-108	-44	75	120	28	-115	-90	121	-37	25	-63	-89	97	56	107	-62	-50	-114	-112	5	4	-92	36	79	-92	105	96	-70	-53	-105	41	51	-18	17	-56	43	-89	118	-19	-55	45	-9	65	79	-93	65	62	-61	55	-86	-22	-53	-91	90	5	35	85	-64	-53	-94	-13	58	88	92	-46	-113	-37	76	-103	17	-53	-48	79	-75	-98	-120	59	-63	-64	35	35	77	11	125	65	65	-60	43	
-95	45	56	-49	119	7	-83	-56	-37	-50	-81	-119	-37	-4	-36	-79	8	-68	-108	-77	27	65	-29	-105	30	-93	-79	-66	-10	42	-30	80	-70	40	-107	88	-108	120	-94	52	116	-113	3	-79	7	-52	-73	-46	38	-66	-43	108	-81	-32	-13	17	-21	-115	-19	-24	25	-34	-49	64	-86	-79	19	-23	1	20	-35	91	-59	-74	36	-90	81	12	52	22	73	93	-28	31	15	-39	88	-76	26	-49	7	124	-7	120	-45	10	85	121	-83	31	-53	-88	43	63	-58	-123	-126	38	-119	-89	44	121	25	-69	-118	-126	-46	118	-123	68	-62	25	-55	-65	-35	-81	24	-117	26	-10	33	-7	-95	-16	36	114	-4	42	-54	24	80	-79	-17	-104	-125	-83	6	-105	21	-51	-70	30	-54	123	50	60	90	-23	42	82	
14	81	-91	-69	111	-14	-58	-34	89	36	-19	12	77	-111	117	36	-28	-105	94	66	-39	-11	68	48	46	40	-75	99	39	120	-39	31	19	68	8	62	-69	-128	6	-99	5	79	-8	-69	-90	-68	-48	58	-111	84	5	120	-60	-65	-88	-3	32	102	-2	56	84	34	-50	7	-37	-10	-20	-95	103	122	-69	-68	-61	-13	67	101	30	-70	-29	73	27	-96	-82	-73	-95	36	-87	55	4	45	86	-35	24	95	88	-71	-24	122	-102	-84	97	-106	-79	118	-7	-5	53	-62	111	71	-53	57	90	74	-29	45	-59	78	-111	43	103	-40	-2	-24	-67	51	49	59	31	127	122	71	111	-73	90	-118	8	93	-3	115	117	65	19	50	1	51	92	-69	15	-52	83	41	-72	96	-52	110	121	-24	41	-68	
-54	-91	106	-15	-46	-31	19	127	-111	-128	-78	-97	-101	-75	-95	-17	97	-113	-13	68	62	-23	49	28	72	32	-120	35	70	-25	73	81	105	119	96	34	-31	-18	116	-43	-91	-76	-76	80	-81	-32	13	-92	16	-44	-43	15	1	-56	7	49	-111	-39	-67	62	97	102	79	-27	36	-47	-80	-80	-35	38	21	-111	61	-20	-108	102	73	100	-43	-8	3	-13	-89	99	27	105	-31	-40	100	24	-18	-19	74	-48	-102	25	-113	79	-80	-69	59	-4	30	58	-104	123	-47	-66	-70	59	84	-16	97	26	-16	-36	-7	71	-84	-103	-45	-54	125	-66	21	-118	78	77	-71	-64	61	-45	114	76	-100	97	-6	18	-76	-82	-54	51	-78	-57	-24	19	34	90	1	-78	-115	11	63	-1	-18	-68	-27	-48	111	1	
29	123	-6	-46	124	-104	-104	-113	-64	-54	59	101	115	-75	-53	58	-54	39	-118	-63	126	15	-5	-20	44	105	59	-122	2	-111	-14	-75	127	-126	-43	16	-102	104	-66	82	11	82	-119	-12	19	89	79	-62	-22	-39	-123	18	9	-75	-50	-78	-62	30	-38	-43	-105	-13	60	-75	-9	-27	120	-101	112	72	88	22	-3	99	70	-60	102	-60	107	-57	8	-34	-95	0	-53	79	66	60	-103	22	-40	-68	-111	-33	-8	94	82	127	-75	4	-56	-93	-73	72	126	47	56	-108	105	-59	26	97	95	96	95	-107	-73	49	22	-65	-40	-23	-41	-39	-15	-95	-63	119	-31	52	59	103	-1	96	18	-87	11	-7	16	34	110	11	-59	78	89	-26	75	-123	-27	95	3	-32	-102	-15	-87	-86	-40	71	56	67	
23	36	117	-83	-113	81	21	-95	8	88	-89	-55	-73	26	-92	-127	-123	31	78	85	-40	111	-41	-101	-94	-111	-11	-57	105	-100	62	-54	-63	-65	-76	-19	-69	121	108	114	7	88	93	-88	0	-44	96	3	-122	50	-42	-57	123	35	82	-11	-105	85	108	-70	65	-86	44	-61	110	-19	20	-43	-14	118	-115	-98	-71	23	-18	-113	94	-48	-26	60	-120	-104	-37	43	101	17	12	21	-95	-23	-4	-66	-78	-28	34	-20	71	70	-15	-17	18	71	-80	-29	-120	-31	68	-32	46	-113	-29	-7	-1	77	-81	70	61	-34	-23	63	-115	-9	-66	-56	-102	58	-47	-88	113	-65	49	-33	-111	92	126	-19	-70	-35	-69	99	-4	-46	-47	-100	110	97	96	13	-2	108	3	-120	61	53	10	76	53	-46	-105	71	
-55	-94	-24	25	24	99	-34	-39	80	19	-91	96	124	-33	-96	23	-50	-111	105	-98	48	-99	-21	42	-124	-106	-100	3	39	44	9	47	-4	-114	106	-25	44	-87	-6	83	15	-88	-34	-60	-115	-54	50	110	-72	-109	40	-67	-2	108	56	118	-87	-13	-56	-117	-90	-21	79	6	85	42	18	-47	76	8	-2	-54	-99	46	115	-70	16	-15	-1	102	-112	-47	118	-78	-31	69	57	-123	-53	58	109	87	-101	-37	64	-18	-47	114	97	9	-33	32	94	-19	90	103	29	67	7	82	95	23	-1	120	-83	-93	-49	-92	105	86	-70	-119	124	-113	-22	-53	33	121	106	-128	114	-93	-26	110	-39	17	-127	105	102	-126	-41	-103	47	23	2	-81	-70	-75	-102	-18	-25	4	-103	102	100	79	54	51	-6	-3	
-30	113	-2	59	73	10	40	-104	122	-64	-25	25	-8	-128	-106	-18	41	21	-124	-64	122	-4	-40	99	-109	48	52	-106	-107	29	-108	-92	105	-28	9	-70	109	36	73	-106	-84	86	15	10	2	-48	49	82	45	-121	-39	-73	-10	-117	98	27	-24	-19	92	-100	29	-12	-32	-24	124	66	-80	-100	-45	-26	72	68	114	40	40	45	48	-108	103	29	-20	56	87	66	-4	96	41	116	-43	105	97	66	-73	-95	83	1	27	-37	14	-101	68	77	-96	7	94	113	7	79	-118	-36	-83	28	22	57	21	45	-47	-58	61	-27	62	91	10	2	-102	114	-70	15	-122	-12	29	-13	-99	94	-121	117	-103	10	122	55	-23	90	56	115	-78	88	-119	-66	5	-1	94	81	67	-103	102	-48	121	-14	-108	110	
-52	21	17	122	-17	-94	-21	67	78	-21	-84	3	-26	-43	90	-64	9	123	-88	49	108	-29	-56	-122	2	-54	44	-45	-63	-117	-20	65	31	17	-80	94	22	116	103	-13	106	23	-119	-88	-110	102	125	116	99	100	-58	47	3	-70	-100	-44	105	-99	-44	61	120	-26	74	-109	-34	-62	-70	-127	-108	40	-24	55	-26	68	27	33	36	-119	96	29	20	-29	-49	-117	-97	-108	-82	-39	-96	79	-98	78	120	48	-13	23	42	-45	93	92	17	-124	-69	84	121	22	20	-41	57	99	84	50	115	120	100	-50	-59	53	-83	-38	45	60	83	-51	26	-72	-86	-19	-16	-17	57	-55	14	125	-119	-32	72	-8	46	40	-11	-72	-54	-66	10	14	106	65	-41	50	22	22	45	-6	-44	-92	1	105	0	-122	
-44	77	109	-76	76	-92	-9	-62	-55	-128	-36	101	-127	-88	-11	-117	-61	6	102	115	-95	21	-48	-67	-110	53	98	75	104	99	34	38	-58	20	-24	-33	-98	33	-53	7	27	-53	-41	94	9	-101	-81	16	-18	-95	-84	94	116	-71	93	-100	-3	-11	125	18	20	-78	111	58	-25	51	91	-33	15	14	88	-27	17	40	44	20	-24	5	-119	-76	25	4	119	67	122	-13	-5	40	-80	-102	-118	29	117	-55	96	111	100	-19	86	98	-127	-93	44	-120	27	-71	-48	24	-9	67	95	-48	37	-99	-21	75	84	-25	-72	92	-111	120	-21	-91	112	57	-102	-110	-59	57	46	28	114	1	115	-2	114	100	5	64	-14	69	-126	74	5	-9	8	-76	24	-92	19	-113	23	-31	-4	-110	-102	122	-84	99	
72	-28	111	-55	78	17	14	-27	-110	65	-25	125	-87	-99	-69	6	91	82	-126	80	-119	49	2	-68	-35	34	-47	70	-107	-49	-29	84	-65	8	-63	18	-70	-31	89	79	-101	-7	16	-25	34	-9	-117	68	-16	-117	-92	-5	-32	25	122	111	-39	-126	-89	-112	30	-50	-48	-14	95	113	26	96	73	51	-32	-39	9	-93	-60	121	-72	-118	90	72	-7	-69	39	13	-108	52	-31	45	103	-101	2	12	93	66	19	113	67	31	72	-38	108	79	26	56	76	-84	-23	7	79	-3	-46	109	-102	127	-73	-68	101	111	-120	-1	123	34	100	-87	113	21	20	89	13	-114	47	-25	86	19	-3	-76	-66	-36	-2	-43	43	-77	106	-20	-29	59	-60	-90	120	-6	-53	-18	-126	-86	79	-15	103	-71	-79	73	
30	-90	-89	-4	4	-108	-94	87	76	-90	126	21	59	-74	114	-128	-124	112	112	73	98	67	95	42	-103	70	103	-4	41	-114	-78	41	51	97	6	24	-121	109	-12	-111	102	-91	50	110	84	-11	9	61	-73	-33	72	37	81	-75	40	-45	29	89	25	-86	-61	117	-68	9	80	48	-34	104	-25	116	100	-101	-66	-47	-69	68	26	75	107	73	59	84	-50	71	-37	-61	2	-63	82	-105	15	-117	-107	-2	40	-69	-64	123	-51	67	126	-25	99	64	60	-63	-78	114	33	70	-72	-85	17	7	-24	-123	80	-25	20	103	-2	-102	116	-9	126	-35	63	-81	-82	45	1	-3	31	4	10	-125	-108	-72	41	-100	-20	-35	1	123	66	70	91	-107	39	-83	4	56	76	-96	-98	29	-74	-75	-122	103	
-39	12	-16	-83	57	71	-119	-43	111	75	-79	-106	98	31	124	-79	51	-121	94	58	-114	-45	0	-19	29	123	-96	55	92	-21	-36	44	89	49	-24	78	-21	-115	-54	89	-78	-74	-27	85	66	25	-35	44	-8	-19	-56	87	92	-97	93	12	-53	96	-81	-15	-10	14	79	9	-104	40	50	20	98	-77	-84	-51	-125	39	-28	34	34	-84	108	-72	-83	100	95	109	44	-128	-32	78	124	-107	-115	57	-24	33	-101	87	-70	39	52	-39	-76	55	-89	-8	-5	-126	68	56	-97	127	49	-126	-111	4	61	36	54	-121	-31	0	11	100	59	122	-12	21	-49	17	64	37	-14	110	-92	6	115	96	-121	-51	96	-99	64	122	72	110	-97	4	-36	-71	102	3	-60	87	38	14	107	-38	92	-71	-34	44	
-70	15	-95	21	-122	-31	122	-107	93	38	78	113	82	78	81	-81	-88	-95	-122	82	-51	87	108	-26	-113	-111	11	-122	44	-113	77	-120	-5	64	-34	-114	-59	-15	-47	-5	-29	62	-114	76	-104	56	24	-37	-22	-107	-84	114	8	-94	59	59	42	13	61	115	51	-69	109	95	-79	30	23	-51	-11	-8	13	78	-84	-17	-76	-66	13	51	15	-47	-122	28	-128	-68	90	-92	-24	-98	77	123	-17	-24	-78	118	-83	-127	54	-48	-121	43	65	71	-64	-68	114	15	112	94	18	-27	27	-12	2	7	81	105	0	-70	-107	-50	-84	104	-45	64	-103	-90	-118	5	93	21	62	63	47	-1	111	-54	-87	57	-8	98	-99	70	-94	-77	88	-83	72	-44	-26	57	-97	113	54	-60	34	-64	47	-26	81	-47	
99	64	107	32	-26	-88	93	-51	-62	-61	-72	-93	-120	-70	34	-125	9	47	-42	-57	-87	65	-121	-102	-96	45	-33	64	88	66	-124	0	-120	2	126	27	55	45	107	6	35	99	2	105	-98	-43	112	-80	4	86	123	-87	-50	110	-101	68	-90	-63	75	1	-43	12	-85	61	110	49	5	-102	-82	12	123	8	-9	-56	-13	45	-98	13	-11	-8	-35	75	3	-75	-20	-4	17	-120	-51	76	23	-120	-79	-1	-33	8	34	-97	56	-42	22	-117	-42	48	97	99	-11	46	-128	75	38	27	-90	108	15	1	19	76	-98	-117	-7	120	-40	-108	-44	-74	51	65	-117	-73	-16	-66	69	-20	-121	-30	102	110	0	-106	-30	-50	30	-18	-68	67	95	-81	13	-122	18	19	-62	-74	-124	-107	-104	121	113	96	
13	-38	-91	15	36	69	-2	-82	-37	-126	-80	-61	121	0	-92	24	3	28	123	90	-63	-42	-7	127	-23	50	23	-30	49	123	65	-122	-123	-19	-50	-95	-25	78	-5	-76	-50	126	-38	117	66	-32	-126	-56	8	9	-3	101	32	-59	-127	-1	94	50	-36	67	-106	-94	-119	32	31	104	-47	-1	-127	11	60	80	-123	-46	41	127	56	-41	-117	83	30	-60	-120	-32	-121	10	-12	93	-36	-36	67	-60	124	60	-111	-80	73	-97	54	-38	107	127	63	-39	11	32	16	-55	127	-110	-107	-64	-75	-80	-32	-87	111	-87	4	-55	54	92	-50	-47	44	93	-91	-97	126	70	-38	-89	22	-8	-46	40	-85	78	-85	-59	-125	-104	63	-126	-121	26	-74	-85	17	-26	100	-21	-108	-121	90	22	111	6	-27	107	
80	-51	70	-45	26	58	-57	-115	96	-103	97	-105	92	125	38	-83	110	124	-15	11	8	-118	106	41	43	-125	113	91	-73	13	-63	82	53	-30	30	50	50	-12	-46	101	-33	-119	2	28	-67	-107	-28	-83	-73	62	125	-5	43	74	12	-7	-105	58	101	82	127	-95	-48	124	-34	91	42	10	68	82	3	59	-52	51	-54	85	108	-83	68	-62	-28	126	116	100	-36	8	1	121	-73	0	49	-52	74	-38	-93	-80	-70	-106	-74	-25	-81	113	50	126	-106	107	-46	101	-79	-88	-38	-37	-122	-62	106	-50	-105	-54	42	-77	-58	-121	86	-78	41	91	-77	-105	-90	118	1	42	-124	98	60	109	52	-103	-34	-111	-91	11	34	-110	-5	-39	76	-107	-9	125	13	52	-34	-53	23	-60	72	21	112	50	
-83	102	14	-55	-13	56	50	65	58	-52	104	14	94	26	-55	57	88	111	-101	108	-128	-114	17	-63	-37	-99	29	-13	-50	74	89	12	34	24	-75	75	40	-26	-88	-122	52	-58	-50	-51	-58	49	-103	-46	-72	121	110	-95	-97	-48	47	-53	120	-76	75	-32	-105	49	79	-20	-20	116	43	-16	-99	16	21	46	108	-45	97	-57	-59	40	-6	26	121	64	-92	109	-17	12	87	-111	28	121	23	117	56	-18	-79	25	-106	-50	-120	122	-71	123	-64	-45	112	89	-116	97	107	-9	88	70	104	39	80	104	39	24	-15	-61	56	-25	-23	-120	-104	110	-115	-35	-55	-25	-91	34	51	-77	38	-123	-112	32	-76	-52	38	59	-17	-86	28	-47	-32	-115	44	55	-74	-81	39	-65	119	39	-58	81	123	109	
-117	89	49	126	40	-81	114	36	45	117	111	67	-1	-22	-114	19	-107	-124	83	34	-71	89	48	-60	96	2	-42	4	-40	80	69	127	-48	-97	6	-98	-109	-24	115	32	-27	-94	103	-112	-108	-91	67	-77	38	53	21	-22	-54	107	127	16	-83	32	88	82	-113	-59	26	-27	-54	108	-18	-121	41	-11	125	12	-73	62	-37	-5	-122	61	56	-32	61	-31	-92	-29	90	117	-35	2	-83	-93	-49	-13	94	-12	84	-104	34	-69	-30	-110	118	20	-121	-24	85	-67	41	120	-31	28	66	-59	47	41	32	78	-62	-23	121	126	91	-15	-21	10	-42	1	-36	123	72	28	95	-3	-50	105	-72	21	33	-105	112	-39	-55	94	-95	-80	125	81	55	-4	54	77	77	1	104	122	59	30	46	-87	84	-71	
37	-84	88	98	14	124	16	-56	21	80	-106	83	-22	-108	84	14	86	-42	98	61	-26	-54	53	110	-44	-102	44	46	-24	83	14	-75	27	20	-62	-19	9	-98	71	-120	-54	-122	14	12	117	50	-64	-25	113	88	76	-37	-6	-109	-122	93	60	70	-106	64	-81	-114	89	73	112	-2	-27	16	83	33	-66	40	96	68	-66	1	-11	-35	4	25	-57	49	-16	-117	-28	28	42	-101	-79	-128	98	-34	15	-89	-31	-119	-42	86	-5	11	-115	-126	106	64	-4	-116	64	-73	37	99	29	-80	-89	-70	-26	-126	-20	41	34	114	41	125	104	-71	-111	-108	9	-94	72	81	34	-95	-41	99	52	22	-45	-58	-57	-56	-102	7	-97	82	6	20	118	53	-128	70	108	17	-17	123	85	16	-98	-109	-63	35	
-120	-17	-19	75	-70	33	-20	103	9	-109	36	78	-70	-2	-57	66	88	77	84	-78	40	54	6	-16	125	109	38	98	-99	92	-127	-78	-48	31	-106	51	-91	-46	4	-71	70	34	-31	78	-28	-30	73	62	-110	62	47	-26	-40	126	124	93	93	47	2	-67	40	74	51	-117	-27	-18	56	-25	-114	-20	-100	-52	-56	55	121	-81	-108	19	-126	-116	102	122	79	-81	-58	-26	-27	91	-83	119	-121	-57	32	-31	119	8	-25	123	-29	18	-58	11	-88	88	-8	124	-10	-102	28	-73	-24	112	65	5	22	-51	13	-121	62	11	-82	-74	-55	-71	-53	120	47	-126	-45	-108	-99	-59	57	95	44	-83	-16	125	-76	-98	-90	50	-2	69	58	-69	58	-128	-51	-22	73	-46	-5	-13	-123	45	-88	0	18	121	
30	35	-75	-53	-127	123	77	4	-99	-9	-120	78	-126	-41	-108	-32	-125	11	-91	-69	-115	-15	-124	34	-20	69	60	-91	-30	82	-53	42	52	-120	12	-1	121	114	-27	32	-84	70	-8	-91	103	82	40	-127	-79	53	75	86	37	-62	93	-36	70	-16	13	24	-116	-89	-27	16	49	84	122	65	115	-87	-28	-38	-89	105	95	40	-21	-96	-9	103	-12	-92	102	12	-24	-87	58	-9	77	-106	-31	-104	-116	-100	-25	-86	-66	74	51	-3	11	-24	41	40	62	34	122	-22	-14	-119	-119	-75	-127	106	84	-49	13	-90	-107	-84	-118	-14	-119	11	97	84	-57	50	6	-4	3	-70	-127	70	45	-23	-64	-69	-74	-59	90	3	33	105	-48	-126	48	-29	-101	-56	27	126	-116	37	-1	91	2	122	-110	75	
73	53	9	42	65	108	-92	55	36	115	69	125	43	106	-37	31	-126	-100	106	46	-72	7	-123	-116	-102	-52	-51	38	65	-75	70	63	39	81	-95	60	25	-76	-128	71	63	-7	91	3	-80	-72	-117	-67	-46	67	-113	-53	-62	70	-64	91	-97	9	114	-106	-60	25	68	2	-27	-119	-60	28	-44	-57	-18	-110	118	-121	-87	10	108	-67	-7	-58	4	82	-93	77	-49	11	54	73	58	-108	-17	79	-62	11	-53	-104	33	-105	87	59	-7	-30	-29	-37	-3	-1	14	70	90	-118	36	-12	13	9	112	-119	-118	-104	-106	-118	-29	126	-40	-64	23	87	109	-128	-43	-35	-51	-82	-47	-59	-71	-5	-40	-115	62	-31	-104	-112	-125	126	-103	-99	-63	-67	-112	-6	-48	-27	109	89	-65	0	114	92	-95	77	
55	-97	53	-117	-34	13	121	88	101	-110	-21	123	35	82	-77	-3	-119	-31	-7	-125	-16	-122	-125	80	-115	11	116	-42	95	91	-56	-5	-11	16	73	-60	34	-93	39	-117	-44	45	29	-32	43	-115	-108	69	100	117	-25	-26	-124	-83	123	96	-49	-104	-112	103	-75	-81	124	-48	72	-114	127	55	-4	-81	29	-57	-101	-40	-40	-27	52	-43	-121	-111	-21	-3	-109	109	24	7	42	33	46	-18	55	-109	103	27	13	-67	-54	97	-17	-19	-21	61	-62	-39	85	-11	-100	-9	-15	-16	-68	-11	104	-27	37	94	-59	38	-8	119	-57	-39	-11	101	-31	-29	3	36	47	-62	-38	100	-69	39	-119	0	11	-77	-87	-27	109	39	-96	-37	83	34	-66	-52	17	44	-110	-22	6	-101	-76	57	73	-111	-86	-73	
9	42	96	63	-22	11	-103	24	-110	79	52	103	-25	101	100	-114	-11	51	-81	-57	-33	21	-56	23	-33	-96	-17	-114	-1	104	14	-48	-82	89	119	-10	-14	-50	55	21	75	40	-68	16	-86	29	109	-68	-15	121	53	-67	123	-30	111	-56	-85	-11	-89	33	124	10	44	6	-37	-123	-17	55	-52	29	16	-10	-43	33	-16	-50	-127	87	-98	-54	-36	-119	-112	55	-38	-105	56	-91	122	-119	9	-41	47	55	-117	70	79	52	-112	59	-67	83	97	1	-65	68	-31	82	73	-35	-118	60	-14	-71	-38	-21	-57	-117	55	3	22	-66	99	7	-103	-127	7	-3	44	122	-86	-100	-92	-102	-76	-47	-27	-64	-97	-12	-84	91	50	-85	13	100	-116	40	40	10	96	-90	106	-116	46	66	-12	-117	-12	-123	
93	-72	-22	24	-93	-17	-2	71	-5	114	81	1	80	109	-61	69	-37	9	-35	-39	68	-125	92	-86	-101	127	-49	51	12	99	-111	-16	-90	49	26	4	-46	-97	80	-124	101	-40	-126	84	-85	93	96	-88	71	-119	-28	-66	18	-29	-90	78	105	64	50	121	75	25	36	-80	-102	-53	-59	51	-26	58	124	-105	-81	-48	106	-67	32	96	-105	-82	73	-80	2	-26	-8	116	-88	89	-31	55	115	1	-53	-42	113	-108	-4	-55	40	-26	-49	-108	102	-51	24	-109	-7	28	-13	38	117	31	0	112	-105	71	-79	-35	-54	94	-81	107	-125	108	121	-37	77	95	-30	116	38	-33	-105	-19	102	65	59	-67	51	52	-68	-103	9	87	-57	100	-123	-61	-1	124	-6	123	105	-14	98	71	54	40	-39	41	
72	-116	-48	-22	-1	53	35	47	-24	40	71	104	80	-68	14	-56	114	37	-93	19	116	-101	-9	36	-21	43	-69	-80	35	51	80	-121	79	6	-69	-108	96	-58	-6	55	54	24	-11	-5	50	72	43	68	124	109	98	102	49	25	22	16	-79	60	-18	-67	103	-93	-43	11	49	-120	121	85	26	-44	-68	123	12	19	-18	27	-42	-26	-91	-4	104	104	114	-117	42	-69	67	84	-19	74	55	49	35	-72	7	-99	56	81	-62	54	59	-46	39	-51	-114	-16	125	-47	54	102	60	-82	7	32	-37	-74	70	-109	-82	-127	120	1	-111	-109	90	6	-4	11	-78	-51	-127	-94	11	52	-106	-11	39	2	-57	-128	-113	-73	57	-114	-18	120	-34	54	79	-94	32	-14	-116	-1	-119	116	4	-92	-18	39	
-115	75	-71	84	-21	-19	-116	81	-45	107	-49	117	11	14	74	-43	-44	67	-95	-106	-115	-106	97	49	56	-113	123	-38	27	126	29	61	116	127	23	-95	-105	-68	30	42	-120	93	-67	-121	30	62	89	46	-5	-30	-61	-74	-71	81	94	45	53	-23	-64	-53	117	27	-124	-101	-10	-112	0	19	-73	-112	-33	-4	71	6	84	-26	-39	-104	74	-37	-79	-6	-78	106	112	127	-73	99	94	5	58	123	-19	111	71	121	-75	-87	-128	-48	13	62	-55	-62	10	-40	-76	86	104	-39	15	-89	-59	44	98	52	74	51	20	57	-67	98	102	17	126	124	60	83	114	70	123	68	-19	-39	109	31	36	-102	59	87	-105	71	-10	-43	25	61	-108	89	-8	-126	68	-113	34	-14	-42	22	29	63	-9	123	
46	-92	56	68	47	-107	101	-37	77	-28	23	-113	86	70	-31	92	121	-46	-4	-31	-37	-98	-102	-57	70	10	-91	-112	104	71	-103	89	-93	-62	64	-53	25	90	-29	-101	-50	-121	63	110	-18	-16	89	-104	115	-101	-2	-51	-48	-53	73	-36	12	-118	122	-15	-84	-18	41	0	-32	78	1	-10	66	-125	39	-94	-63	125	35	-93	78	-45	23	18	111	-42	122	64	-116	72	34	-26	22	30	-47	8	81	-106	-81	95	8	-115	0	62	-112	64	111	-106	-119	-65	117	122	-94	47	-72	110	-62	67	-56	78	6	11	-75	-5	84	-105	-128	-112	33	115	76	-102	-35	-48	93	-2	-83	-39	-88	-98	-115	-59	71	47	19	66	-124	108	-72	6	90	120	12	103	36	-78	59	-66	-52	-22	-113	62	8	115	
-27	-44	125	69	-99	62	-79	114	103	111	29	18	-122	-65	-7	77	-86	29	110	-79	13	-52	-32	-86	109	122	115	55	-37	-123	38	-78	-14	-8	48	107	-103	-7	115	-65	-68	107	-60	39	-105	115	125	-113	-13	-48	49	95	112	66	-4	-59	58	-24	-45	-99	-69	39	53	-88	61	75	-78	55	2	7	122	-73	-4	-80	-83	57	93	-96	21	-71	-65	-65	-82	-107	110	-81	104	-102	5	52	-104	25	-53	-123	0	50	66	50	-27	-96	99	58	-75	47	31	108	-50	-86	61	122	109	-4	-99	-97	-12	-43	-113	33	-29	-2	-77	-72	-18	28	-111	105	66	-83	-109	98	-116	-33	71	95	80	44	-57	-123	70	-31	54	-42	-81	89	-50	-55	-14	117	-88	100	49	-4	116	-81	33	-109	-38	-47	-22	-53	
-28	19	61	15	91	-35	3	-124	90	50	-61	-44	44	38	-50	-48	-123	-120	107	-90	9	81	93	-125	9	50	122	105	-86	-67	-128	42	112	-57	73	-96	-14	95	-57	4	-106	-100	60	-74	-108	94	0	26	58	75	79	-43	-36	-113	21	116	-54	-68	22	-20	-27	-65	-46	85	-70	-113	-118	75	-103	9	110	90	-114	61	-120	78	116	82	-26	82	70	-85	69	55	-48	-116	-66	117	-5	-17	-36	-16	75	-107	-23	-45	-57	0	116	-22	119	-127	90	-128	-87	-38	-83	-43	12	43	80	38	124	35	94	52	-127	9	-84	50	-8	-38	-43	-97	24	-40	-56	127	36	52	-81	86	30	12	-24	31	73	-121	-89	1	-16	39	-41	-4	72	126	-104	39	52	127	113	-3	-106	-39	-86	-4	-77	82	-55	-122	
126	7	-41	-52	97	39	-24	-117	-88	-69	62	-20	-38	123	-116	-76	3	31	-23	-27	54	27	47	-101	10	40	14	57	81	-118	-76	-26	-6	-109	-15	46	-125	68	-18	-119	54	65	-60	43	45	-14	-13	-102	-35	-47	-92	-13	71	-39	22	46	18	-113	-24	-21	110	-9	-76	79	-66	95	30	-119	-119	-101	-61	-21	56	-85	50	53	115	1	-66	-72	112	-34	104	-11	-55	-112	88	98	-12	-81	-92	-58	17	62	24	75	12	24	-112	102	-100	-27	114	-124	85	-116	24	16	26	-8	68	-70	108	-58	-35	85	35	109	-126	-5	36	-48	-39	101	46	36	-95	-62	-81	9	-76	6	-104	108	100	-15	-18	-59	-95	-70	-120	65	-69	53	-117	-8	-101	23	113	77	-22	93	-1	-97	77	111	53	-2	-77	92	
112	126	82	62	24	-104	-55	-39	24	104	-49	58	-121	-11	106	122	-91	-27	-115	-70	-82	-90	72	63	-11	-59	126	-56	55	63	15	123	-79	-83	-126	-29	-70	-89	6	98	-115	-65	38	17	69	-3	9	10	-42	-8	29	-119	99	-40	23	100	96	-80	-86	-30	17	69	85	-44	5	-123	-89	-6	63	114	12	-4	-8	-13	110	-111	-77	-103	36	52	57	76	-56	-24	23	94	47	-112	7	-57	86	-13	46	18	-8	123	0	16	11	-49	81	69	-120	-90	87	4	-59	-73	-126	70	16	-85	-121	-40	-78	-75	-43	-126	-49	-19	-107	-44	-24	78	84	-27	84	115	74	109	-15	-1	29	36	-86	19	2	-102	114	85	123	42	-55	-86	-25	17	58	-97	-110	68	-44	123	62	-64	-4	118	78	70	60	43	
7	-5	76	-104	93	26	51	7	-87	32	-36	28	52	65	82	-110	-88	-100	39	-45	16	-75	-127	-77	-125	-48	103	-120	79	11	53	-4	41	-46	-53	-43	-110	30	70	62	-94	39	-4	-92	120	-19	75	-116	-128	-58	3	39	35	-89	22	49	-12	-62	7	58	21	45	16	-42	22	-35	54	-82	74	-62	59	25	76	31	65	-45	-128	-72	-72	34	41	-24	3	-73	-20	-82	109	86	-96	12	-51	56	-33	-33	125	103	0	5	-26	81	54	-7	-60	92	-61	71	71	-33	110	-65	-65	-111	117	-62	81	45	18	41	117	60	-19	-54	1	91	103	90	64	-27	-128	18	-69	89	101	-92	7	20	97	40	-121	-48	-98	20	20	-107	-96	101	-27	41	64	38	-85	59	24	110	-25	-115	103	101	-102	15	
-95	-106	51	-47	-118	-70	49	65	88	-24	-20	-58	22	-50	37	-21	82	75	63	-9	19	-1	-91	-115	-16	60	-22	48	44	-80	-36	22	27	-78	125	35	90	-44	99	-5	-42	46	58	-64	92	-73	10	101	47	127	-64	59	-59	24	113	123	75	6	7	-20	55	-101	113	103	23	75	-119	-16	-106	119	28	77	-100	-19	26	7	125	-110	-94	-115	-34	-112	94	-74	-119	-5	30	12	-100	93	-46	6	5	60	-112	95	-95	-44	110	-12	-73	-101	55	-113	-95	-120	80	-63	38	-5	-58	34	73	102	-127	-82	74	13	-15	83	-120	4	105	43	-62	68	-128	-17	93	-128	-80	21	119	122	-67	-6	-88	28	-61	-97	110	13	73	-73	82	-124	101	-5	-69	70	66	-66	62	-5	34	-122	126	126	-114	108	
109	-31	-118	-80	82	-66	52	125	87	115	19	7	-118	87	-69	-7	-76	-6	-73	-124	-97	-100	-66	69	-110	-115	-80	53	26	84	80	-3	39	66	-95	-26	7	20	-100	-37	18	-45	-3	-4	-107	-20	-100	-23	-32	-95	-16	-62	10	-66	47	-44	1	3	-80	20	78	42	-24	-83	62	73	-42	38	-31	-122	125	82	1	124	83	-11	-113	-117	48	63	-122	-100	-108	59	-90	-121	26	-95	45	-53	-84	33	-35	-78	-28	124	121	-59	-39	-125	-63	-94	-30	-11	96	-113	127	71	92	106	-22	-86	-3	113	112	86	-3	12	59	-18	-63	-89	45	-100	-25	-54	-21	53	-29	-66	-102	-124	11	119	-111	-30	-29	-108	120	-102	54	49	-41	9	12	13	-39	61	33	42	26	6	-106	13	-55	109	11	32	4	-100	
-17	-74	58	-85	-87	13	-30	-64	-84	-121	116	116	-110	98	-68	-89	-89	114	82	59	-12	-67	92	79	73	125	-55	62	-123	-13	-99	-19	-8	36	125	69	-88	72	126	12	108	-122	122	-111	99	65	31	66	-116	98	-60	122	-87	113	88	-17	6	-6	57	127	16	-102	-20	70	66	-127	79	115	-68	31	96	-40	-124	-27	93	89	34	-101	-48	-121	-119	25	2	-48	111	-44	-2	53	126	65	125	72	-115	-82	-61	111	60	36	19	-2	-28	81	125	101	-97	-42	64	-68	0	41	-98	16	32	24	41	-75	-25	-16	-117	95	-5	70	82	7	107	22	-55	-28	90	28	18	-112	-41	93	-43	-115	-15	11	-42	-106	66	75	-46	-12	42	-80	-31	53	-64	27	78	101	123	-125	-126	-110	-59	-50	10	-61	
-45	112	-76	107	55	10	45	-60	-33	-7	95	36	102	-70	-75	-91	-16	59	-70	24	45	117	-112	2	-128	-49	-122	2	-26	93	58	35	22	-51	4	-64	6	-117	111	5	-120	-50	-57	-5	-115	73	90	-16	-55	63	-94	-3	52	60	20	-109	21	-84	49	-118	-2	-124	62	-56	49	-46	6	122	87	-35	-9	9	-47	-23	91	-65	70	-79	-72	-119	127	-67	43	-66	-18	-19	12	-14	-86	-34	78	94	-31	22	-121	-124	-6	-117	120	-88	-27	75	-117	-51	23	58	73	-9	-90	-60	-84	51	-118	-52	6	103	8	-36	-18	-55	85	104	-103	-56	108	107	-43	-66	91	97	-2	75	121	-102	-47	107	100	-60	50	60	25	-74	68	78	-1	0	118	3	115	85	-1	106	-110	97	-70	97	68	-61	-117	40	
-65	-122	115	36	38	41	58	-119	-64	-112	-119	77	9	86	32	29	-91	20	44	-3	-78	120	-73	-73	-20	-15	57	66	77	-43	21	76	-108	-45	-104	18	-11	53	-117	36	51	-20	82	-84	-60	12	114	-107	-72	-57	56	-103	99	-37	-70	102	19	87	126	4	-124	28	104	-4	26	112	-99	127	-40	-17	88	125	-91	-48	-41	101	-28	80	51	108	15	-97	-26	-84	119	78	-18	58	-97	-74	-34	-47	-99	14	108	30	86	39	-38	-7	108	32	18	-19	100	39	-65	4	24	45	-116	-1	8	29	-7	51	92	-64	-83	30	81	83	60	109	105	-40	-27	-41	-3	-49	10	92	85	-43	-55	19	56	42	-67	-56	49	28	119	4	-25	106	-42	89	-29	46	33	-58	-88	-50	-120	-116	54	-48	-102	32	
-89	114	81	-87	-7	-32	24	115	-105	38	-41	-40	89	-71	123	116	99	-97	-79	-25	30	-60	109	-10	120	35	-51	91	-94	25	-20	64	115	3	38	-49	-78	122	-55	34	-117	-113	65	126	-2	1	37	56	31	-67	38	-120	30	-10	115	40	94	87	-95	-126	109	-120	-62	41	-4	37	114	-6	-80	120	8	33	87	4	76	-105	8	73	-33	-86	89	-3	125	91	-26	80	115	84	-25	-62	-33	-20	119	-79	-89	49	43	-54	36	-44	-8	-7	-108	53	-91	-82	80	106	-50	29	117	118	124	71	102	-85	64	-54	-16	79	-9	25	-106	14	-99	-37	121	-77	-111	-106	22	86	-28	42	31	105	118	94	4	113	-105	-76	-98	4	96	39	-38	-52	-99	-110	111	-46	125	-14	-101	34	-80	66	59	124	
-32	18	31	121	-44	120	7	40	122	5	124	72	-3	120	-49	-45	-105	106	-62	113	-18	-39	51	121	25	-62	-91	-63	-109	-38	45	17	-110	123	93	-21	-43	64	-61	-75	55	113	-126	126	107	118	4	92	2	-21	-61	-86	-104	-96	-93	55	-52	-74	-38	99	-118	-36	96	36	15	-62	-28	106	86	-41	95	-45	-74	122	-68	-44	-74	-43	-24	120	8	-54	-91	104	63	-13	77	-53	79	-109	33	81	22	-20	32	-11	-97	20	-12	63	-67	-47	-7	14	-31	82	7	-40	-55	27	41	16	-48	13	-94	-9	127	104	100	-64	23	70	-75	59	-29	103	102	-43	-100	-6	47	-100	-70	38	123	99	-7	-81	-56	44	63	-73	9	-37	110	-29	-58	75	-123	-98	88	-111	-86	-2	42	29	-69	13	97	106	
-66	109	-52	3	41	80	-95	-47	33	-67	-7	-77	-82	121	-87	-33	47	-22	3	75	-114	-83	124	121	78	-24	17	-5	92	-49	87	107	-7	-127	66	40	104	-2	84	-126	-82	-24	5	125	88	101	-7	54	37	-18	-125	54	-20	-48	-84	-31	-69	25	-83	33	-30	-75	86	-50	-95	-30	-45	15	77	-3	48	83	-89	-84	2	89	83	-65	-7	36	74	-66	31	-37	-84	101	-73	-57	35	-79	64	8	25	60	84	-84	102	-70	55	-16	110	-65	12	-126	-8	84	62	-53	34	106	104	20	-127	82	99	-100	-105	-12	-33	-46	-87	16	-127	62	-28	26	-65	25	-5	-8	-84	47	-18	-27	-103	-90	-36	42	-110	0	17	-64	70	16	67	-95	-100	51	-13	87	-49	-49	-77	8	97	-69	32	65	84	-87	
88	-121	25	126	-45	-103	-45	78	96	-54	93	50	0	-27	-62	-21	-40	14	46	-4	97	-93	-3	-71	71	29	9	34	-63	93	-107	-100	-68	94	54	-22	-17	-52	125	72	10	105	-76	28	-109	-9	-63	-106	62	101	77	12	-36	39	94	30	-44	121	18	-4	14	-50	-122	75	86	55	0	-33	27	52	118	-32	-40	-45	-18	-113	-63	-54	-65	10	-58	-71	-125	-96	-98	23	38	95	80	-25	-1	57	-45	7	24	-88	81	-93	-8	115	22	-86	-127	58	57	14	-105	-7	73	-3	17	63	6	55	36	-109	51	118	70	-124	-47	-71	-40	-45	-78	-125	117	37	-93	120	5	2	73	-19	41	14	2	98	121	-4	5	-17	65	-12	112	-84	120	-81	38	80	13	72	37	-22	-32	-54	101	95	-51	-117	
-65	-76	-27	-8	-1	90	-89	28	77	107	-20	17	-18	-10	-62	-6	-73	-71	17	-89	-5	27	-93	110	60	29	14	121	-99	-72	-16	-30	95	68	77	126	-20	-23	-47	127	48	53	-54	59	29	-56	-93	-76	69	113	-30	-37	-119	93	28	104	121	-117	75	-84	-73	117	30	92	34	-10	-68	-46	-106	-98	11	-2	-93	-56	78	86	-25	96	-12	103	-119	26	47	-119	27	118	46	-85	-4	-65	-26	81	-32	-46	110	-22	-105	59	-16	-118	-20	49	114	-22	79	-70	-67	3	-68	112	15	34	94	108	34	89	-12	39	104	-43	-70	-19	-102	19	-58	-126	-34	123	0	-117	-36	47	111	54	103	-114	-101	-105	107	-115	46	6	-79	72	104	-45	-72	19	88	-2	85	-33	7	37	32	-92	-65	89	44	34	
116	-41	-11	82	52	12	-36	119	96	86	78	-50	-92	126	-56	101	-109	104	38	-42	11	-30	-52	-54	-10	-83	27	81	-94	-113	111	-90	48	-116	-56	-79	67	-71	-20	59	-92	38	100	126	71	112	1	-71	35	-121	-91	-67	-53	-8	-7	-103	27	91	54	-123	-26	51	9	24	48	23	-40	-66	73	88	-24	-33	-81	-126	19	99	-5	-32	-127	49	-104	-123	27	18	-8	-89	91	-28	-64	-16	109	-51	-24	108	-90	25	-26	-83	-30	102	41	-70	-111	-114	3	37	-47	-39	-97	34	-30	-125	-37	-55	-16	-106	59	-99	-18	29	-86	98	53	52	-128	25	-110	42	-50	40	34	-41	15	40	-97	-17	-120	-59	-116	-111	78	109	71	76	-118	-45	52	7	30	64	117	7	-127	-70	-60	23	-12	-13	27	80	
-77	81	-51	42	-121	-87	-102	-6	123	38	-3	81	-63	44	-125	-127	-97	28	41	87	-81	-83	-81	99	90	105	-58	72	-2	99	-16	-73	-75	-5	24	-112	82	17	-27	43	-3	-106	78	73	81	-51	-112	-47	86	37	30	54	-14	111	-70	22	46	121	-119	-56	111	27	25	70	-73	-34	32	68	91	-23	77	-53	-86	-9	7	12	84	117	19	-34	37	-96	-47	87	-104	64	63	96	80	26	21	-50	77	-41	-2	44	112	105	-80	108	0	45	-72	38	-29	96	102	97	113	21	-21	-110	12	-100	-70	4	-75	-8	-67	118	94	-104	4	120	49	-28	-51	119	114	-107	27	-26	-54	61	-4	39	-119	31	-72	3	34	4	95	-57	-112	-3	-9	123	-61	71	107	25	45	-125	-50	-50	110	-34	79	-98	
3	-119	127	-70	-68	1	112	28	83	-125	36	17	35	95	-107	80	-103	-111	-35	90	77	-64	117	90	122	-23	47	47	-24	-60	-117	21	-19	60	-14	99	-15	-4	-1	47	52	21	16	-76	-44	117	-115	-125	49	67	85	98	-55	-84	-76	64	-14	74	-101	-6	119	-51	-7	126	15	76	104	-86	11	-7	49	-89	-114	37	-15	-105	-113	108	-76	-79	-86	39	-85	67	40	116	117	124	13	44	-63	101	40	-40	-69	-98	-123	119	-105	-26	-10	23	117	111	54	-128	95	71	-73	98	-89	-40	-58	93	10	26	-100	107	-59	-108	118	-15	-6	92	87	34	-66	43	73	-32	-55	82	45	118	-104	-20	31	-28	22	-56	-3	107	-27	62	29	-128	26	74	-111	56	-52	56	1	2	91	-123	-75	17	-123	-56	
111	-121	28	-48	-110	-42	44	72	42	69	21	-37	-71	100	61	-33	118	53	55	63	12	40	36	100	-70	-45	114	-103	-101	104	42	-124	-83	50	-67	-81	-121	1	70	-8	14	-49	121	-85	101	-20	90	47	41	-20	-46	-80	112	3	22	-72	-58	-90	-18	83	99	-31	-81	-59	112	-66	74	-102	32	113	-105	91	-80	-100	81	-16	46	114	-31	-75	-26	-110	-30	-21	-56	56	-122	-68	-109	-45	70	-104	-109	81	65	-60	122	88	-126	94	-96	-88	39	90	-69	-98	-17	118	66	-9	-50	-86	18	-92	69	-35	-105	9	-23	121	-112	-91	78	2	-29	18	-77	-7	-66	88	-98	-25	-70	-14	84	70	-126	99	6	96	93	-103	45	-44	46	-17	97	1	-57	-66	94	0	-17	-80	-55	-34	-127	53	8	-102	
54	2	94	-77	-11	65	118	51	-92	89	-13	-109	-83	35	-46	-21	69	-95	-16	-55	-59	57	75	-97	80	92	48	-73	-73	-109	-106	-111	108	127	-122	66	82	-121	-25	-116	31	122	-41	45	11	24	62	124	-37	6	65	-84	-62	48	89	-32	-92	-57	-117	10	-77	54	-53	-101	-85	7	-24	-128	-26	84	107	-73	-114	-118	113	-82	-74	22	-106	38	82	46	-32	-28	93	5	108	-40	57	18	-10	-49	-93	45	-106	122	127	33	86	36	61	124	-27	-94	-74	-55	115	88	125	79	-39	-6	114	-73	33	123	5	7	74	7	93	-84	105	-26	-118	-7	-1	-69	14	56	77	-115	-86	58	60	-12	18	105	-91	96	-124	-110	76	-13	-66	-119	-33	92	-87	125	-40	126	18	99	53	-26	28	60	-60	-61	
91	-117	96	-62	126	-19	-79	64	82	122	102	64	-41	-21	-85	28	-7	64	-113	97	65	98	-70	-76	69	-108	-115	46	80	-2	-56	2	-63	26	67	92	-53	118	97	-111	87	81	-8	72	-102	67	97	34	-122	113	-72	78	-116	7	-18	-110	-66	42	98	-2	-70	94	-122	61	-68	-42	124	-9	-25	-12	-104	27	105	12	-73	-57	76	-116	-91	-34	118	-42	-41	-7	-53	-108	115	-71	-12	-88	-49	29	-108	-19	112	-102	127	-40	62	20	-66	108	87	12	-23	-9	35	-45	-69	-16	-117	17	-5	95	-71	65	27	-89	-46	-67	103	115	-57	65	6	-83	-68	-101	-90	-16	108	-42	-33	-6	48	107	106	34	36	-78	-107	-69	28	8	80	33	41	68	115	-73	-12	58	1	-114	-64	80	-97	-90	98	125	
-90	110	-108	-43	-18	-86	-81	63	65	-41	13	86	51	102	-86	71	-128	30	101	27	127	53	-87	-32	65	-21	-34	-7	61	-89	66	55	-93	-42	71	92	-74	-11	5	74	-117	-108	119	122	-20	-100	15	-16	39	-71	-73	53	-90	-51	-3	-17	76	-16	16	120	-117	43	-25	75	-30	125	26	7	-37	105	-21	95	-36	-5	-71	-23	-121	-34	47	124	47	-85	-85	8	-122	93	-54	-88	11	-110	22	8	-113	11	16	-49	-127	-122	43	-78	0	33	-53	113	107	-103	126	30	-120	-53	-79	-43	18	94	-22	-19	30	-76	-43	-66	41	-61	-7	-75	11	23	24	-18	72	103	91	28	96	98	-10	118	119	-57	26	-16	-6	-32	-12	60	25	110	-10	-19	91	-117	110	112	58	85	-78	121	77	-66	38	126	
-100	-77	119	-25	-17	36	115	66	-54	2	-36	39	-44	108	-34	59	-41	12	-114	33	100	-37	-40	-122	-76	30	4	-70	41	-44	17	-127	-4	55	127	8	-99	-68	-1	24	-54	66	123	-89	34	-84	-119	27	-69	15	-86	31	-7	-66	29	-85	13	-75	-22	46	-41	64	8	-28	-84	-2	10	-97	-9	-4	51	-6	-108	-55	12	-117	-48	66	37	-100	26	40	-75	39	36	-65	-54	-103	104	-35	88	87	51	1	-64	41	53	-3	25	-106	71	-106	13	111	-112	-23	-76	16	-38	62	-83	115	-71	-51	-108	15	-72	-20	-45	58	-88	74	99	67	107	-42	-22	-5	-71	116	45	40	41	-86	111	94	6	116	3	-90	57	-122	-59	-59	75	-53	-66	91	7	-29	-24	-114	-22	88	-71	90	122	22	97	-67	
22	35	123	-70	-125	-7	-33	91	-119	-74	-78	53	-17	108	39	-3	-78	16	-97	-80	104	-114	48	16	-99	-4	-43	123	124	22	17	-32	50	-16	-69	-13	73	106	106	50	63	85	95	-40	-73	127	1	-118	79	4	26	43	120	-36	15	-24	59	97	14	117	40	-116	82	92	-112	-87	87	13	106	-79	-9	-58	-42	-52	98	-87	53	-78	74	39	109	-124	-90	-110	123	-119	-36	-92	118	-106	-78	97	115	110	33	-104	102	81	-82	29	38	-102	-13	-77	-82	65	-121	72	-75	-72	75	99	108	-66	-105	67	127	-66	27	-35	-70	42	-64	60	39	74	67	36	97	-53	-68	-75	-21	-82	-30	-49	-87	-35	106	-36	12	4	-44	-1	8	45	-40	0	83	-56	58	-46	-113	74	-57	-116	77	34	-74	85	
-20	-125	99	-123	49	-21	-28	77	107	109	-66	5	-121	43	74	-4	2	-7	2	26	-52	-97	-63	34	-125	94	-121	75	-118	76	-10	10	-57	91	-127	-3	121	-5	-121	102	-83	73	39	67	9	-123	-40	-10	-111	105	-59	95	1	120	120	-110	-94	88	111	123	43	120	-112	-94	-65	51	113	-61	-19	-4	26	-118	105	-122	125	82	2	-84	55	-78	89	123	120	62	121	-54	-57	80	53	9	-41	91	35	106	85	82	1	121	11	-34	-15	24	-5	-24	61	-28	75	-19	71	-55	114	74	-25	-20	123	118	114	36	-11	-98	-3	71	-62	-75	-118	-92	-104	111	-79	113	37	-103	115	4	-55	-102	37	12	20	-16	63	-102	-126	87	100	96	-81	32	-75	-118	-56	66	5	-43	16	-73	89	38	89	14	
69	70	102	21	-117	-103	-61	63	42	-31	-39	-120	-25	12	43	-1	-121	100	-85	10	25	-119	126	-92	-36	-31	28	-26	24	68	11	-77	-120	-128	-113	106	45	-124	-69	82	-84	76	-99	-54	36	-9	81	-62	-64	12	-52	-10	103	-93	-95	-70	42	21	57	124	-18	-116	30	24	-112	44	-104	84	-99	34	-20	-116	-29	-35	-127	120	-52	-83	82	-56	-24	61	23	-128	-120	-13	126	-117	31	123	-63	14	-7	119	-127	44	50	-23	-6	-2	10	-10	110	-24	-24	46	87	54	-7	-102	-20	-30	47	103	52	-85	85	-59	34	82	16	-76	-68	-73	-105	46	23	-95	-36	111	109	78	-69	-123	-64	-23	87	56	-121	-57	63	-96	5	-102	72	-14	35	120	83	-69	-44	-28	64	61	9	-28	-7	-99	-60	-32	
64	-62	17	65	55	120	-97	54	119	-90	119	-55	14	110	-99	-33	31	64	-37	-107	125	29	103	-5	-58	95	41	-85	-115	9	103	8	-119	-72	-55	119	88	97	-24	-98	-4	-23	37	92	-81	-37	77	-99	43	60	-96	58	72	-72	-10	-35	83	22	92	41	-41	32	-25	-5	18	6	-23	-85	-38	98	-71	-62	6	-125	75	108	-79	71	75	-85	121	15	-14	-109	29	-99	52	-30	55	-100	18	-91	-107	91	46	61	-72	8	5	117	-112	-7	113	-1	64	41	-93	21	-71	24	119	-115	-95	-40	49	-56	96	-122	-100	120	31	46	112	-6	-77	16	103	89	50	-82	-128	36	56	-80	45	-82	-55	13	31	98	26	-5	15	-119	-122	-93	-83	-27	112	-72	-67	-24	66	-65	-3	51	-109	-105	-126	-28	
87	14	78	-23	-120	91	8	-52	57	-84	-83	75	12	-30	2	-105	77	94	-104	89	-23	101	-8	60	-68	102	-59	-88	-108	95	80	-16	-100	56	-107	83	69	111	-23	110	-110	12	-123	40	63	-80	126	45	-18	77	-9	1	89	121	28	-25	-70	5	-89	89	-75	118	-88	76	8	24	57	60	-117	-43	-99	84	-82	-106	-122	60	-9	110	85	51	82	93	101	30	78	-106	-82	66	68	-78	-56	6	-96	93	45	82	-36	11	72	48	28	-127	-79	39	-100	-65	-59	34	56	90	16	-28	91	45	24	57	35	-1	126	-55	-2	125	78	40	30	-22	45	26	-67	42	-93	9	29	-101	45	-75	-18	-18	-45	-63	-104	31	122	76	127	11	-39	-24	28	-110	-24	117	122	16	121	62	126	-44	-106	47	
-106	53	77	102	-95	-77	63	93	-118	7	63	19	-94	-74	8	75	30	13	-97	-43	107	-57	-81	101	-111	60	-79	-114	53	-117	40	-37	87	-79	92	52	13	114	31	-11	67	-126	126	71	85	-16	-88	-62	-78	-12	-8	-43	36	-64	30	-12	-28	85	-121	21	109	88	-50	19	-116	-114	48	-120	-87	-105	-5	39	2	65	23	100	91	-104	-42	-86	-78	-25	-101	53	-74	10	88	-111	-83	-29	42	72	4	-82	-117	62	-112	32	-109	110	34	-4	-87	-44	96	25	-1	15	65	-35	21	10	63	-49	-128	28	-75	28	-90	-76	-89	-111	45	-89	91	57	-97	20	110	-79	32	-113	-26	51	-103	-110	-76	-27	-63	78	17	-115	-53	-114	-123	37	11	123	94	124	-107	55	49	41	-87	16	-1	106	62	3	
54	105	-36	51	-110	49	-66	112	-122	-31	17	-23	-114	-37	75	-114	5	-61	-37	27	-90	-108	-75	82	-97	105	37	-63	-91	126	120	112	4	94	41	74	-59	50	-29	-74	-72	49	113	-112	-115	5	27	-126	-88	-4	89	-96	37	-103	86	-119	111	-20	-83	-9	-118	63	112	-61	-95	-23	5	25	90	50	1	-65	119	81	39	93	67	85	93	-52	-42	-8	62	6	-61	74	-13	53	-76	-115	-50	-116	-121	-60	-7	-29	70	-85	-19	29	-24	116	111	69	47	-3	-68	13	105	40	97	50	-26	43	-114	-126	-82	80	-97	64	102	-54	-59	102	-87	-111	-104	-80	-96	80	34	-93	-56	-19	-120	53	105	18	-41	92	4	-119	-80	25	19	126	59	5	21	106	31	-116	-97	-74	20	-11	0	-76	-73	1	
54	0	-96	116	-8	82	125	-97	123	-111	104	-88	4	24	41	-122	-104	-48	-117	-19	34	-102	27	-69	-114	38	-46	93	42	-111	-114	-78	-101	94	-58	-86	-120	-121	124	58	-115	0	46	52	-46	-84	-38	-122	-33	-99	47	-115	-118	91	86	16	-10	65	109	125	58	-97	-122	-117	10	11	109	-17	-83	-4	-32	-26	30	-6	-99	-53	-97	-20	-112	-117	-99	-47	46	1	10	-33	10	-65	-20	-77	48	96	-25	-11	-62	15	22	105	-95	32	102	-108	-61	-105	12	56	-57	12	-29	36	-127	3	20	-37	-43	96	-7	-85	71	108	-115	-113	60	1	-101	-60	90	-78	52	36	-120	67	119	62	49	15	76	17	56	-89	57	-19	50	1	44	111	-89	52	-95	-37	26	-113	-120	-17	-78	-109	1	125	31	-103	
-93	-2	-70	104	-93	44	46	37	91	119	-86	-8	-117	-34	-11	-11	-128	-30	37	-108	-114	-121	123	114	-65	-28	-12	21	82	40	107	-33	16	37	11	-3	122	85	47	-52	-79	88	-116	35	96	38	104	-74	-59	-84	-107	105	46	4	-123	77	-128	-37	18	-20	72	61	22	39	-50	-85	125	113	-46	9	69	-114	-6	-46	103	126	-50	94	-81	-65	88	-33	126	-126	-59	-88	-32	-49	-97	-25	94	-76	33	17	-105	76	58	-58	123	9	-46	74	-25	-116	-71	-116	-39	67	82	-55	35	-39	64	23	-27	-5	-46	104	94	64	103	46	12	57	-59	71	23	71	-67	18	126	89	82	10	-75	-56	21	92	104	-128	-105	21	-26	5	-71	70	35	-121	96	38	-38	49	-29	17	33	119	87	101	-24	-31	
-128	-41	-59	25	-17	58	44	-71	-8	89	90	-48	92	-18	-97	-28	-11	-61	26	-32	26	-46	-122	84	84	-105	125	95	-99	28	28	91	-68	-53	-7	-33	-58	88	59	-55	89	61	-56	-80	-23	-95	-51	21	25	94	-117	37	-17	-100	43	-71	-57	90	-109	-12	-42	-126	-112	43	120	-67	-57	85	96	-32	87	15	-112	-84	115	-95	52	-20	-70	110	-96	54	13	28	123	-8	-107	-17	111	72	59	43	12	52	45	-8	-51	52	-73	71	77	4	68	6	-113	-107	56	57	-41	9	14	-47	46	-75	85	22	59	-125	14	51	-39	103	-119	85	12	100	94	-10	58	112	-87	50	-95	99	63	76	95	41	83	71	-37	123	-32	-59	29	-86	-69	-87	-112	11	-94	-25	10	-24	-114	-68	-37	-94	-88	-42	
-101	-117	91	-78	63	-68	20	-30	-76	123	-6	-85	111	-112	-77	-37	-26	-92	-103	46	19	-70	-116	69	103	-127	-9	52	120	124	43	121	-66	82	115	49	104	-83	-121	52	-78	78	-32	15	71	-125	-28	-126	26	-7	83	19	21	-79	-78	-117	-102	13	91	-46	-87	19	82	46	106	-8	82	121	-53	4	14	-33	102	33	9	99	74	62	13	9	-108	51	12	77	-43	83	-33	-117	30	7	-95	-39	-31	-121	-124	100	-111	-2	67	115	-99	-4	-9	-62	51	61	51	-66	45	2	-43	-55	-2	2	19	89	58	45	-36	72	-73	-28	-100	-2	-25	122	103	34	11	-91	-103	-49	83	6	-23	62	-45	-118	-60	57	-120	104	-9	83	-82	32	-9	26	-22	121	109	116	-39	-80	-123	72	-101	-4	59	-109	
72	47	-94	-120	106	96	-73	24	-46	45	-80	100	39	-36	-81	74	34	54	-61	81	-66	5	-123	6	-28	-82	-86	-34	114	50	41	25	-12	15	13	-28	16	66	5	-18	124	125	-81	-9	21	67	-93	-120	-84	79	-9	-123	27	-98	16	9	39	-77	-32	-9	-45	50	-106	13	82	-4	-114	81	73	-55	121	-27	88	118	66	44	-91	-118	25	125	-12	-76	-6	44	-14	-101	-56	12	24	88	-19	111	-29	-50	-111	103	-60	8	32	1	41	126	28	17	10	-114	-19	-119	-11	-52	-93	12	79	38	70	-128	-61	97	-122	19	-37	-121	-98	-104	105	25	-104	115	56	85	-64	-18	-46	98	-64	-23	22	98	-126	70	96	-10	-123	-32	2	60	9	69	120	53	28	-45	-113	-26	48	-4	-116	-119	91	-50	
-100	31	51	-126	11	-29	-43	89	-22	118	106	-86	100	8	-101	28	-33	-34	-97	-67	23	-47	86	81	105	90	58	-54	56	94	-89	11	-74	-104	72	0	-11	74	-4	-118	99	56	-22	59	-44	-11	20	1	-25	31	-18	-115	-15	45	114	81	-99	113	-116	-87	69	-37	-99	34	117	-76	96	70	24	61	44	95	24	80	123	6	-105	25	-67	-70	124	-105	-82	45	81	80	-8	70	126	-74	-113	-70	-100	90	14	-115	-126	102	0	-9	-4	-50	-10	5	-86	110	118	95	-3	107	-50	-106	26	127	-113	108	-67	-128	77	39	63	48	-65	-57	73	-58	41	102	88	94	90	114	3	-55	119	72	-123	107	8	-1	100	103	32	-48	-78	94	-9	34	-61	75	-37	-16	11	-92	-115	100	105	125	-103	1	
124	86	48	110	99	44	75	-97	119	107	-26	-10	-101	-40	-63	126	56	-81	76	91	-43	-18	-93	120	-49	31	-79	4	-119	-127	-75	-121	-45	87	83	-48	57	73	73	-10	-92	-51	43	-94	-82	-2	33	82	-70	21	90	54	-94	110	65	2	122	58	-94	89	-1	-76	-37	22	-81	-93	15	-101	88	-101	110	127	109	-116	-106	96	59	-75	27	-85	-11	-45	39	-76	120	25	-19	-51	81	106	60	122	-34	-116	-6	-60	-123	-13	5	43	-9	98	-36	63	-121	18	115	57	-67	75	-3	-91	-92	45	64	38	-98	27	-72	-90	2	2	69	-59	1	-71	30	127	-10	108	6	110	27	28	-30	19	123	89	80	-61	46	78	-39	14	122	6	13	35	-4	-4	2	-62	35	61	57	-60	122	-78	-32	35	
59	-38	-99	113	59	119	124	-71	83	17	-11	-14	-24	-60	101	34	15	-23	-8	69	-56	111	-13	-30	30	-46	-56	-124	105	120	46	111	-106	-23	-77	-64	-23	-67	87	35	-110	-119	-71	11	83	-17	30	-67	-73	66	-44	-28	49	-103	65	-4	-81	45	-111	-119	-68	100	-42	-115	-56	-10	-48	89	124	-119	-84	-113	10	-60	-12	127	-59	-119	5	40	-27	107	-8	-73	-75	47	-60	-67	121	105	-49	27	-53	47	-70	-97	115	84	-51	-34	74	-28	-54	-36	34	-80	45	-124	111	-54	9	-56	114	-25	40	-63	-46	-128	69	-31	-95	89	92	-58	-112	-11	-8	22	-37	-86	-61	116	15	51	81	-68	-93	-65	-13	-53	22	29	125	121	49	91	-115	-119	-60	-15	-50	6	-62	114	75	57	-4	112	-119	-46	
11	-83	-4	52	-15	-45	-47	50	-99	73	-32	74	-39	86	-95	27	85	69	-2	15	-99	-80	-69	2	-123	65	-50	65	68	8	-63	-110	-20	102	79	-39	88	90	106	107	-87	84	55	30	46	96	74	3	-57	31	-33	1	-128	74	-73	-39	98	-41	-61	19	27	-33	100	-101	76	64	-78	98	-99	29	97	-76	36	92	-128	-40	-29	1	-104	114	86	14	-12	59	27	-28	78	63	35	89	11	63	-26	51	-37	98	87	57	-33	-37	-52	119	87	-116	81	29	21	72	-101	122	33	-89	76	-62	85	38	91	58	82	43	-86	-3	-93	-69	-63	-77	16	89	60	-120	-72	-79	75	-60	-79	63	55	26	-126	22	8	37	35	117	-103	-16	-85	98	-116	-109	21	-106	14	37	-124	-45	4	-90	117	-121	
25	93	23	-70	-26	-34	30	72	37	-68	-88	53	-121	-44	-10	9	-48	-46	38	-119	-40	9	-37	35	-66	-88	109	18	-72	-16	63	-69	95	-10	25	-109	-27	-24	-20	-65	-23	17	69	75	8	-87	51	87	-15	23	-52	-4	69	112	-18	-36	-105	45	15	-40	-78	95	-27	118	2	-32	55	127	-65	-83	31	-124	117	-110	41	-101	-21	-64	-81	-89	-61	-128	98	117	-18	-50	-85	-61	3	-91	-64	9	59	124	-1	-100	-87	-69	26	44	82	21	76	30	45	124	3	-103	78	40	55	14	-33	-21	-8	2	17	72	-18	-84	40	8	-82	104	-75	71	83	-52	29	45	-50	97	69	60	13	78	17	95	-10	-69	86	-105	87	-36	26	-117	55	-57	-108	-81	-20	-43	83	-67	-5	-11	123	-5	-16	71	
-33	-13	-67	-110	-66	-15	63	-88	-5	-37	-36	71	93	41	25	87	66	15	5	81	-29	109	9	-77	120	-7	94	-84	-127	7	69	-109	-88	-122	67	111	25	72	-17	37	-119	-67	92	-94	62	121	6	10	-82	91	104	23	-91	-94	90	-3	-28	-54	35	30	21	-28	-94	-54	127	65	-18	103	-73	41	-49	-11	-32	-14	44	100	-89	92	54	-104	73	-101	49	-52	10	-6	27	-117	-80	-2	-114	29	-86	126	-99	-107	-16	30	48	9	-33	18	-12	-11	26	127	85	-34	20	-33	114	-104	-93	-126	-95	12	-113	123	-69	38	99	127	65	-72	-72	6	12	-117	83	-126	-104	116	-83	-88	94	63	115	123	25	9	-53	-6	-84	-121	-110	-12	-105	81	86	-83	-57	119	-88	-18	37	-110	6	-55	17	-78	
87	-52	14	51	22	26	-54	23	-125	51	-4	-103	80	-75	-79	3	13	-9	-20	-127	9	-33	44	69	-5	87	60	-7	83	-19	21	13	-65	62	45	-82	90	8	-124	53	-60	119	126	-116	31	-43	104	86	-27	-46	84	71	14	53	-100	17	-8	96	-7	70	100	75	-3	-12	53	-12	70	56	-117	-25	-41	-121	-127	68	-45	-111	-89	4	125	-123	-67	60	-75	88	-31	103	55	-121	-43	49	87	-33	-98	-95	-37	-51	-96	-99	125	-107	52	23	-22	35	106	103	22	-65	42	-50	-121	-99	-91	124	47	-126	12	-50	55	-75	68	99	99	13	-126	-110	119	47	105	64	-69	-5	90	-66	-70	50	-112	87	-72	-128	64	66	66	-44	28	68	-42	-98	9	-63	-48	-63	-119	83	125	122	-28	116	45	-47	
93	31	83	99	25	31	24	72	-9	-31	109	48	23	119	-19	-115	93	124	104	12	3	106	10	-68	76	116	-9	11	73	83	-53	126	-117	-40	-37	116	16	-7	-112	27	81	-105	52	87	36	-79	-119	23	43	6	-44	-29	89	-1	-111	-58	-87	43	-2	89	43	17	59	-57	24	108	71	-47	44	-118	-23	-97	-83	111	75	-50	-45	41	8	116	-68	13	47	-93	-83	23	125	40	126	-43	96	62	-125	66	87	-85	-106	22	-108	32	-26	-40	-20	-116	-105	52	3	41	-38	17	33	67	114	124	19	72	-47	90	31	40	70	-85	-51	-49	63	-40	-101	22	117	20	44	127	123	-69	-65	80	63	78	-49	-77	-3	110	-90	-91	21	-94	20	64	-6	42	-33	-68	116	42	40	82	105	-66	68	41	
28	-100	-21	-64	-41	-99	99	-44	100	27	-36	-79	44	84	-45	-54	73	32	65	25	-53	-50	16	5	-96	0	-116	-61	33	41	-107	-28	88	19	-27	-78	-30	-34	34	102	3	63	24	71	25	45	99	-117	20	85	-54	-86	-122	-97	107	106	108	-4	-86	-67	-78	112	-6	-47	-103	9	45	16	58	90	-76	17	108	-92	79	-40	75	23	68	85	14	65	16	-19	0	-19	11	-43	11	-115	-37	91	-83	109	90	-49	31	-94	97	120	-42	21	99	88	100	-58	73	101	-109	-24	-109	86	-57	-31	-120	-119	-67	63	-119	-116	123	44	117	-70	100	-11	89	-86	67	72	-29	40	112	-64	-2	-26	-97	60	-93	28	-104	-2	92	17	49	106	42	-75	-6	-110	-64	112	-119	114	-94	51	-97	43	-41	-102	
-107	29	-107	88	70	-121	98	100	-93	23	101	126	122	-1	-27	89	-100	58	71	-63	125	-109	62	-54	-50	37	42	55	77	-12	-49	-83	-61	-98	121	-104	-90	-45	33	-59	125	34	-115	75	-113	13	-116	-54	-96	89	-59	14	27	80	126	43	-2	-93	-90	101	45	-109	42	8	-60	-29	83	-11	-46	-87	88	75	33	-32	-36	-3	-75	-62	-20	-86	43	56	126	-20	113	-97	106	30	-40	82	67	-67	-34	-39	73	122	16	-14	-33	-34	115	25	103	103	55	-13	9	114	47	-78	-50	-20	-33	108	-67	14	-56	12	96	109	46	16	17	30	-52	-73	-3	120	-125	-103	47	112	-48	37	-16	-58	-13	86	88	67	68	-66	-97	28	27	97	93	65	78	92	-8	93	-9	-18	38	116	44	-84	105	-20	
125	-50	31	6	116	-85	-125	87	-69	-55	119	77	112	110	-64	93	-89	23	58	51	125	25	-25	122	-74	-124	-127	-48	-56	-54	-105	-58	82	4	-6	57	21	119	-61	-97	53	-90	-14	-89	-76	67	-104	-120	-24	118	-60	89	1	-43	-62	61	-106	-83	89	67	-59	87	-112	71	108	89	107	9	-126	48	82	59	80	112	60	-75	56	94	-20	64	98	-120	75	57	110	18	-42	-88	54	-49	-53	116	-111	-53	120	-43	-92	-89	-19	-67	73	27	28	69	-37	-59	-104	-88	11	-90	127	94	-40	19	-27	31	-97	76	-4	14	-91	124	12	104	-105	-101	-118	58	-3	38	29	15	127	119	-19	81	88	-48	-16	124	70	-99	15	49	35	-18	-100	-5	88	-107	-9	-40	-78	-77	-32	42	69	-10	-99	96	
126	0	74	52	108	-25	-81	-77	103	4	-108	109	-12	45	-120	81	-37	32	75	-58	28	27	108	45	51	25	95	-96	-25	-28	90	118	-123	89	-23	-121	-51	-47	112	12	47	106	-86	-32	-41	1	-8	101	13	77	-34	-4	119	-28	-53	-118	20	-121	-2	79	43	6	-55	-96	42	-53	-63	-77	-108	31	-122	88	-99	88	70	112	-7	-110	-31	-105	30	19	41	23	94	27	-32	127	81	24	127	6	-2	57	-53	-22	51	-55	-59	26	23	6	-89	115	92	-113	18	83	46	-17	92	-29	-41	-20	-116	-67	58	-103	72	-39	-105	126	-4	-72	92	36	-128	72	-78	-13	58	-31	115	85	-122	95	-107	-57	-83	-67	38	-61	-26	-3	64	-43	-96	-18	48	-50	113	-45	10	-103	25	-62	53	-27	-112	-77	
-46	75	61	-124	123	34	-128	-13	-112	66	-31	-24	-119	49	-81	-22	106	-14	110	20	-56	-43	45	-45	84	102	26	74	27	-67	93	74	-36	111	-79	51	-70	-63	-47	-93	-87	90	86	101	30	58	-54	67	-64	-16	55	-23	43	-41	62	34	-125	-88	30	73	48	-72	7	-97	-82	55	-78	-43	-53	-38	39	-16	118	-126	-91	-47	78	-50	-123	27	-4	25	114	-116	-101	71	97	106	-50	108	-74	72	-57	88	-124	-128	-59	45	-122	117	31	-30	-15	87	55	51	2	-15	-110	22	-68	-107	46	-71	124	-42	-23	26	4	-102	52	41	73	-1	99	-16	-86	-97	71	-116	-122	93	25	73	-25	87	-80	81	-102	-45	99	26	72	-28	18	83	-46	6	38	7	50	40	-33	-37	-57	116	113	55	72	72	
-117	-14	74	71	71	125	-84	91	30	3	-29	16	6	12	98	-88	-18	73	-109	-88	-34	83	-53	22	-29	-51	-112	26	35	-29	121	113	38	-96	74	-110	110	-78	-110	33	-31	59	-54	5	122	114	115	92	-99	82	69	15	-56	-20	-119	-49	-4	-38	95	-76	-57	-51	9	-44	36	-115	10	29	93	45	22	80	7	-40	9	63	-79	11	52	95	5	-64	-121	-30	-26	-53	11	15	69	120	114	31	-61	-35	9	77	39	29	-21	-110	14	-50	120	42	-61	12	89	87	86	18	111	110	110	69	-117	42	51	-80	-45	103	125	-54	-97	-13	86	84	101	92	78	42	118	113	75	84	-4	-77	47	81	-97	-61	72	-71	-38	127	-75	0	-3	-43	-110	102	-27	7	-105	-30	-100	43	-68	-111	-7	-66	
-71	-38	47	0	-40	80	-128	-48	-81	78	86	46	94	-88	-48	5	37	64	-113	22	-90	35	-68	61	-91	-75	4	12	-93	-72	27	-4	-99	-109	124	-109	13	70	-88	52	15	71	-50	116	9	-27	-22	98	28	-76	-98	-71	-4	116	-125	-15	-109	-92	-115	-46	68	-71	-105	-73	15	76	-78	88	5	82	117	25	125	105	-43	-97	-13	72	114	63	107	47	-113	-55	83	27	95	-47	-15	-27	119	-32	-36	-12	40	-49	-67	-81	-124	-31	-109	-96	49	-50	-85	-23	55	-117	-15	96	-78	-85	44	-69	-46	-120	-104	88	-105	-22	-39	100	-101	35	110	-91	-79	-114	-86	-113	-27	-30	61	68	96	23	1	73	106	39	-18	-9	29	126	-49	68	34	47	96	51	-95	-7	-58	61	-82	8	49	59	-123	22	
-60	6	-128	69	-88	-97	-60	-21	-38	-72	-116	36	-65	11	23	-105	122	-62	-46	-39	-128	-62	17	-51	-44	115	69	30	-10	72	73	-24	123	-67	-78	-58	14	118	53	11	-56	107	21	18	-80	23	57	-67	-87	0	14	-116	79	60	70	-114	-60	28	-127	-29	-119	43	-6	118	96	-3	61	-116	-116	16	13	-33	-104	-86	42	75	-120	117	93	36	98	44	-86	43	127	8	-38	93	-29	-117	-108	-64	75	-98	32	102	-29	32	74	-60	-122	85	-76	-47	-71	-92	50	106	-104	37	-54	58	29	58	-92	47	-53	-118	54	21	-72	61	28	102	-81	108	22	38	1	-103	95	-49	77	-89	-77	115	116	85	87	68	70	127	86	-113	6	-4	-15	-114	36	-63	-14	66	-28	-11	81	65	-24	-11	101	-106	
-85	-49	93	-38	-109	88	-50	-23	48	-18	23	25	-18	63	-110	-66	103	-39	-22	68	77	0	53	-50	-56	-26	-22	-33	14	44	-14	-35	119	28	104	-35	-4	-48	-56	-106	90	112	124	29	108	41	50	-73	-69	11	51	-39	-58	95	72	31	113	-26	-34	118	75	-88	-90	38	50	-123	25	-108	7	109	-25	-17	26	69	-41	66	91	-97	73	99	-10	-30	69	-18	104	-102	-26	-88	94	-8	-88	87	36	3	-70	-23	78	-65	64	-34	8	-8	0	-17	-115	-108	33	55	-33	-79	-95	73	100	-127	-75	77	-42	-84	-26	53	-127	-89	-77	-26	25	42	49	-88	124	58	-121	-19	-52	51	51	38	48	87	-84	116	-44	126	18	-102	78	-65	91	49	69	-37	-52	45	-51	-33	-62	61	-14	-101	-32	-109	
10	2	-2	-115	-106	-69	103	93	109	-83	-112	-60	-91	-121	-109	-77	108	2	-24	-84	-9	-33	80	-110	121	-21	42	-116	14	84	46	62	-67	3	-49	35	23	36	63	35	-11	-62	-67	-18	98	107	73	42	-23	-85	-35	125	-48	90	87	-55	-118	108	-38	16	-102	-52	36	-23	36	-59	98	-12	-29	67	-54	-121	-105	-103	76	-83	36	-55	112	85	71	-108	92	-35	-43	122	44	-14	-12	53	52	38	92	-96	-94	94	14	-108	121	-85	-111	-19	39	-128	105	91	-104	-12	111	-65	-120	-5	16	1	-1	-40	-46	76	-93	20	-127	-87	-18	11	48	111	-24	78	-9	-128	-4	-123	29	-57	-101	-53	74	52	16	-106	10	-8	110	-23	-105	90	-62	98	-81	-98	5	102	-35	-120	-39	46	34	-43	110	-12	
41	-104	45	-54	36	37	-47	120	37	-99	29	-30	-14	-50	119	101	16	-118	-8	24	-68	69	-56	59	-67	-20	-93	25	-123	-11	-86	-101	87	-9	121	107	76	-62	109	1	-44	3	-70	11	3	59	89	102	-5	-1	108	-87	26	-52	104	-80	-71	-78	-49	-77	-67	125	-62	-59	64	50	47	101	71	-48	-3	-22	51	42	88	-44	-54	42	53	74	-75	34	87	43	-73	76	123	108	-47	-79	115	62	-41	-55	89	-127	-113	-15	41	-123	23	-107	6	64	-106	1	119	71	-88	89	36	15	125	-102	28	-122	-16	-59	28	-50	-10	-68	15	-70	19	-71	-20	-23	-57	14	-94	21	-80	-120	-34	127	37	66	62	-21	14	-122	107	99	-14	20	7	38	3	-125	5	-73	62	95	-12	-53	-19	-3	-64	-118	
-46	70	-56	-113	27	-84	21	74	92	-50	-14	83	-22	55	-79	92	95	92	14	-13	-2	72	2	102	58	-83	-51	11	81	98	3	-123	95	-118	-53	-106	28	-35	112	124	120	-41	41	-3	37	124	28	-116	-30	-23	-109	119	93	-51	-105	119	113	85	49	21	-79	126	-109	72	32	35	-80	98	-18	-38	120	-107	-96	-124	60	39	44	-71	-80	52	50	-125	-15	-17	20	101	26	116	-28	-117	-110	13	88	124	-58	-41	8	-38	62	-39	-110	-35	56	104	72	60	-90	-105	14	5	-60	-51	54	-59	113	-59	-36	-80	-14	48	11	20	-76	-82	-65	-105	-113	77	11	56	-79	-128	-97	-95	73	-53	60	4	-117	-77	101	-52	-82	-71	43	54	-18	105	-25	28	-39	-125	-57	7	57	-100	5	-110	-128	109	
59	-121	90	-75	-7	113	-72	-23	123	-47	-86	82	-44	99	46	0	116	-110	119	16	24	66	117	80	26	-92	-114	115	-38	-74	-90	114	61	-24	74	35	122	50	-111	-34	-94	112	121	-109	-70	91	-2	121	-47	-18	91	126	119	-62	49	-76	36	4	7	-18	-33	32	23	23	-4	3	23	43	48	-105	-114	53	111	77	-49	55	-122	-117	-14	-124	-88	69	7	77	92	-104	47	-101	5	21	37	-126	-92	71	-80	-124	80	23	56	-113	72	126	-13	23	2	-52	120	-46	91	-77	-30	98	0	-118	-36	-51	63	-99	100	42	-33	-114	69	115	120	-86	94	-114	-123	-105	50	-122	-82	-92	-42	121	-59	13	102	-87	-90	58	95	99	-32	68	94	-125	-19	29	-12	121	-99	-62	6	-30	-67	-79	-28	-2	
